0.526733
0.798691
0.630725
0.004100
0.553323
0.033113
0.242346
0.508072
0.529986
0.747754
0.037957
0.087632
0.164982
0.374439
0.841338
0.495958
0.846982
0.847800
0.375112
0.080287
0.030374
0.052679
0.685997
0.965767
0.680863
0.942362
0.921316
0.212351
0.719585
0.741364
0.155159
0.116124
0.261943
0.945325
0.081178
0.577658
0.379867
0.281377
0.771456
0.330857
0.742042
0.740489
0.373745
0.744602
0.688176
0.527999
0.359623
0.776432
0.733788
0.517241
0.050586
0.504605
0.515420
0.257423
0.297940
0.092399
0.390318
0.501281
0.142394
0.995203
0.731848
0.566566
0.490097
0.694225
0.070594
0.298596
0.201591
0.943253
0.083645
0.019021
0.019833
0.602959
0.103442
0.117928
0.850122
0.654866
0.030057
0.016658
0.141107
0.164001
0.938754
0.503322
0.003340
0.566904
0.113084
0.024662
0.261710
0.954632
0.124548
0.748071
0.836683
0.464238
0.312184
0.370267
0.688827
0.006390
0.649736
0.872700
0.047993
0.066110
0.153792
0.711891
0.177553
0.989546
0.564579
0.138275
0.080069
0.699775
0.471557
0.953721
0.209212
0.759522
0.296505
0.991315
0.571826
0.133361
0.838261
0.206396
0.227965
0.755066
0.276374
0.877701
0.789742
0.958225
0.258892
0.864798
0.341825
0.420610
0.756542
0.159387
0.852730
0.257682
0.057271
0.739462
0.005126
0.402314
0.050168
0.451064
0.094976
0.825292
0.772300
0.632224
0.814410
0.732610
0.805978
0.899319
0.541155
0.424849
0.188908
0.392839
0.145922
0.620534
0.048290
0.978818
0.441508
0.810030
0.062138
0.152816
0.057231
0.439781
0.714036
0.220096
0.693565
0.712677
0.409620
0.215226
0.147165
0.197328
0.252050
0.893737
0.143060
0.542432
0.646021
0.875050
0.997573
0.783393
0.266747
0.241700
0.893856
0.338127
0.677832
0.616026
0.064824
0.078474
0.673465
0.056863
0.362646
0.812143
0.605939
0.933032
0.117726
0.815120
0.220050
0.702361
0.961396
0.493577
0.028618
0.452860
0.508517
0.957060
0.138758
0.115961
0.819111
0.325819
0.463510
0.528561
0.050068
0.844128
0.312800
0.955353
0.057819
0.181556
0.545688
0.775241
0.665453
0.736186
0.599170
0.031301
0.225925
0.210832
0.368559
0.699546
0.715572
0.719509
0.590163
0.928170
0.154343
0.214035
0.196585
0.044829
0.431842
0.672279
0.038582
0.881134
0.412769
0.212934
0.596354
0.600871
0.594957
0.653099
0.015551
0.087548
0.735663
0.775671
0.343955
0.243449
0.236596
0.514446
0.003200
0.292360
0.077505
0.005526
0.123467
0.264162
0.157153
0.767815
0.762691
0.368233
0.524728
0.130089
0.505070
0.382116
0.640225
0.515154
0.674258
0.302046
0.268165
0.127675
0.619683
0.606762
0.720447
0.872148
0.421389
0.122687
0.155187
0.145036
0.498000
0.144318
0.623054
0.297806
0.692299
0.295807
0.127789
0.376348
0.320669
0.219784
0.367018
0.844924
0.859896
0.236080
0.828265
0.303233
0.054303
0.960488
0.097020
0.394603
0.755806
0.697090
0.983135
0.448901
0.809243
0.493129
0.132055
0.155023
0.657600
0.108595
0.294437
0.405064
0.329482
0.949609
0.826718
0.903588
0.000005
0.849486
0.017202
0.727244
0.262112
0.902985
0.544686
0.235139
0.293743
0.344075
0.784544
0.634075
0.384448
0.878633
0.822499
0.339069
0.882898
0.544906
0.774912
0.793067
0.985653
0.106447
0.359564
0.732625
0.601453
0.491488
0.919055
0.207376
0.700735
0.783566
0.495178
0.965370
0.494665
0.806615
0.391214
0.035211
0.795734
0.399210
0.707092
0.205369
0.951821
0.694542
0.921504
0.558828
0.091523
0.322737
0.006282
0.297896
0.310561
0.557671
0.062761
0.001312
0.134002
0.812688
0.250547
0.275822
0.469309
0.823791
0.770230
0.982362
0.725013
0.724950
0.738681
0.411270
0.002825
0.763351
0.501261
0.523068
0.226257
0.780366
0.242480
0.859037
0.578195
0.096083
0.282724
0.850837
0.878861
0.819573
0.448265
0.977345
0.522326
0.105615
0.675675
0.140214
0.351874
0.986826
0.673230
0.582208
0.528692
0.599849
0.300947
0.442300
0.526473
0.598298
0.846286
0.135671
0.816338
0.892199
0.377800
0.572716
0.794274
0.633017
0.905405
0.718928
0.283048
0.528237
0.192366
0.648746
0.617010
0.718941
0.822686
0.831908
0.081154
0.315518
0.169290
0.864183
0.023853
0.234734
0.712424
0.150699
0.122080
0.946509
0.543869
0.542044
0.842298
0.624175
0.261305
0.804007
0.680189
0.576679
0.638796
0.828782
0.938061
0.570788
0.925585
0.116126
0.804616
0.648334
0.242692
0.509364
0.951362
0.489025
0.589621
0.010091
0.005602
0.313579
0.331677
0.189496
0.723660
0.187975
0.502358
0.137868
0.556418
0.655460
0.445092
0.210063
0.798363
0.815518
0.600359
0.657794
0.683827
0.673355
0.740893
0.948597
0.190029
0.613799
0.440701
0.284724
0.216270
0.482503
0.013902
0.149203
0.623562
0.288039
0.873661
0.270690
0.518823
0.028271
0.646076
0.724269
0.553765
0.083583
0.503339
0.436494
0.963017
0.623682
0.643254
0.135211
0.079103
0.990737
0.850792
0.563971
0.746852
0.314666
0.205477
0.799119
0.691669
0.405419
0.352946
0.563427
0.260911
0.260829
0.453801
0.232973
0.679422
0.546905
0.954745
0.449915
0.289758
0.594526
0.220691
0.777094
0.430713
0.769441
0.771759
0.011504
0.519977
0.958657
0.820387
0.968000
0.813177
0.530024
0.625781
0.969520
0.479508
0.606719
0.119711
0.458106
0.485873
0.886437
0.129630
0.537086
0.220138
0.483037
0.110786
0.350374
0.059311
0.241847
0.082578
0.780057
0.125239
0.961419
0.770589
0.048610
0.281641
0.985839
0.786866
0.620300
0.518668
0.868354
0.520449
0.604426
0.799872
0.544191
0.508724
0.580136
0.355512
0.968326
0.459593
0.723948
0.910292
0.070534
0.732712
0.108072
0.385473
0.041021
0.802029
0.380413
0.832579
0.562398
0.078658
0.425491
0.684089
0.821902
0.565400
0.292872
0.755637
0.672849
0.417294
0.739729
0.770350
0.896929
0.656831
0.674280
0.962770
0.830712
0.879211
0.058270
0.501005
0.166644
0.800076
0.542096
0.451168
0.272031
0.094046
0.421229
0.339929
0.074387
0.224285
0.826097
0.506053
0.951945
0.052407
0.948565
0.638495
0.452957
0.867461
0.248571
0.041435
0.506721
0.051383
0.469020
0.588565
0.838681
0.401255
0.105702
0.821588
0.693828
0.681831
0.999603
0.757535
0.758896
0.853528
0.894794
0.395762
0.465903
0.187674
0.615651
0.902981
0.103121
0.619110
0.257028
0.484071
0.300395
0.425139
0.242575
0.505910
0.732810
0.015350
0.437961
0.529119
0.887556
0.677574
0.619072
0.957538
0.393023
0.153654
0.517346
0.253994
0.366366
0.718529
0.120760
0.233056
0.583877
0.413246
0.172124
0.383763
0.635424
0.289628
0.131413
0.349266
0.019170
0.076475
0.895908
0.748925
0.978057
0.415835
0.691893
0.321513
0.010601
0.091946
0.825129
0.117879
0.474096
0.715049
0.139772
0.785547
0.363365
0.100415
0.517142
0.751277
0.259850
0.469668
0.211710
0.246841
0.275939
0.892317
0.726023
0.104695
0.428823
0.162015
0.966190
0.589264
0.207739
0.815558
0.944830
0.210824
0.081223
0.676122
0.864995
0.260976
0.443207
0.793881
0.749621
0.786651
0.684050
0.261999
0.868318
0.052698
0.505847
0.547374
0.362777
0.457603
0.084163
0.871955
0.754813
0.477587
0.202044
0.753664
0.880496
0.332531
0.243756
0.714787
0.802323
0.542619
0.716666
0.189712
0.245166
0.408777
0.765384
0.086534
0.583415
0.661424
0.896499
0.237347
0.238851
0.420770
0.803508
0.006045
0.307137
0.457001
0.226596
0.193290
0.846903
0.541019
0.390110
0.158121
0.880734
0.755227
0.354498
0.554227
0.409531
0.148707
0.476048
0.182100
0.342495
0.448655
0.815252
0.978422
0.380591
0.774443
0.752730
0.226260
0.700836
0.455348
0.864880
0.287116
0.026897
0.806512
0.067207
0.219789
0.677317
0.407011
0.473468
0.654724
0.811884
0.374760
0.418047
0.043630
0.814824
0.946761
0.573697
0.431823
0.690052
0.046698
0.352536
0.475179
0.225699
0.874956
0.556823
0.139462
0.479423
0.466660
0.961925
0.207967
0.370085
0.478226
0.399811
0.748256
0.990255
0.358692
0.621760
0.144428
0.466061
0.874288
0.015349
0.857651
0.369751
0.184034
0.922368
0.244544
0.846635
0.976407
0.188681
0.004968
0.720093
0.470153
0.130264
0.866410
0.121336
0.235531
0.672833
0.894236
0.590745
0.613762
0.698377
0.675652
0.065821
0.691268
0.438361
0.263134
0.680513
0.058667
0.123074
0.040922
0.068222
0.454161
0.896644
0.315472
0.466465
0.250251
0.836642
0.676319
0.414106
0.080562
0.694787
0.012527
0.637339
0.288435
0.136373
0.577216
0.003236
0.404937
0.197024
0.712521
0.685523
0.213084
0.889176
0.442686
0.448121
0.922321
0.700632
0.966328
0.964482
0.959904
0.774815
0.150310
0.261329
0.828435
0.851932
0.531781
0.376989
0.279810
0.912769
0.107568
0.974859
0.900039
0.506930
0.256731
0.909565
0.981386
0.255243
0.098460
0.248435
0.105487
0.657073
0.220782
0.189949
0.277103
0.000433
0.981575
0.174402
0.538087
0.186995
0.675951
0.524915
0.210482
0.023124
0.568544
0.745727
0.289687
0.788121
0.006358
0.452624
0.360240
0.782803
0.040974
0.291834
0.342476
0.372610
0.989196
0.518239
0.201384
0.960732
0.495952
0.786521
0.609259
0.066722
0.622557
0.791167
0.366007
0.545091
0.554383
0.581269
0.240102
0.600237
0.596624
0.048795
0.876677
0.776237
0.473959
0.939859
0.318700
0.980288
0.912666
0.037687
0.422713
0.532279
0.776842
0.639144
0.235009
0.171714
0.107232
0.058676
0.177261
0.603115
0.777814
0.357069
0.516612
0.675170
0.965881
0.143490
0.115781
0.711116
0.179947
0.940340
0.294821
0.696483
0.594779
0.682034
0.850359
0.960781
0.414062
0.271693
0.434672
0.387007
0.996719
0.161633
0.954211
0.313027
0.707907
0.833820
0.346795
0.745048
0.041600
0.592189
0.022257
0.644137
0.727888
0.221272
0.226520
0.116557
0.507075
0.103221
0.117079
0.635283
0.518214
0.471044
0.999406
0.500172
0.307109
0.680975
0.322665
0.866802
0.512636
0.970449
0.113874
0.102689
0.490945
0.879355
0.599101
0.281531
0.983741
0.103640
0.043268
0.324079
0.921650
0.316476
0.654246
0.940199
0.375823
0.585598
0.813552
0.290354
0.277198
0.356982
0.974702
0.770810
0.391088
0.470795
0.464609
0.780966
0.918881
0.917849
0.456836
0.046251
0.768696
0.827957
0.732722
0.877689
0.868728
0.117577
0.217169
0.200468
0.811352
0.312658
0.833209
0.591438
0.205050
0.825217
0.867336
0.224798
0.111354
0.718280
0.635813
0.455337
0.687621
0.211993
0.070339
0.707153
0.893305
0.307317
0.369376
0.978604
0.715359
0.792827
0.013579
0.359363
0.114896
0.883438
0.532974
0.279761
0.322700
0.776895
0.139334
0.291087
0.408259
0.677155
0.902878
0.614222
0.959580
0.700931
0.074883
0.588510
0.428332
0.573213
0.383030
0.610233
0.540227
0.619569
0.871175
0.548204
0.898549
0.742961
0.440559
0.919664
0.191058
0.669325
0.270127
0.440766
0.182446
0.786554
0.036718
0.226825
0.783914
0.725271
0.364306
0.421391
0.499417
0.928587
0.942927
0.180163
0.968847
0.570457
0.161953
0.113252
0.906735
0.013647
0.294678
0.621923
0.201902
0.132090
0.310335
0.331689
0.956887
0.499729
0.940218
0.606972
0.305042
0.459082
0.314709
0.158872
0.516751
0.265184
0.789662
0.122422
0.999484
0.316743
0.878883
0.184915
0.444416
0.367791
0.479613
0.738113
0.016249
0.827205
0.490230
0.085694
0.971620
0.150830
0.868211
0.858551
0.590438
0.246962
0.394452
0.805091
0.060414
0.253392
0.883228
0.995160
0.028162
0.138153
0.098133
0.878844
0.014908
0.517963
0.564861
0.172498
0.868553
0.624620
0.452675
0.835190
0.970384
0.398913
0.073359
0.756824
0.307676
0.108710
0.273800
0.657093
0.730685
0.823983
0.275786
0.475422
0.691817
0.577580
0.252588
0.484572
0.754744
0.829172
0.559956
0.829658
0.111929
0.143930
0.947858
0.944719
0.907870
0.243522
0.782677
0.879565
0.062550
0.285831
0.027185
0.061321
0.403888
0.120784
0.224075
0.543041
0.995267
0.734765
0.851574
0.310834
0.474093
0.359442
0.260346
0.352678
0.555595
0.526662
0.817825
0.137543
0.818101
0.993333
0.812375
0.063267
0.081892
0.001466
0.230096
0.766153
0.484097
0.299716
0.004558
0.063747
0.581807
0.564593
0.017014
0.131308
0.315603
0.576935
0.017342
0.751224
0.823970
0.358392
0.874429
0.612923
0.241993
0.831509
0.517142
0.345272
0.878121
0.998580
0.434949
0.196272
0.542378
0.944687
0.118137
0.006308
0.697903
0.513417
0.507113
0.914955
0.838694
0.065819
0.293974
0.954783
0.121528
0.888622
0.122147
0.105404
0.002093
0.616872
0.983829
0.374943
0.474221
0.377032
0.111205
0.930642
0.915482
0.146043
0.168570
0.969498
0.248080
0.988635
0.066479
0.247262
0.038737
0.548384
0.530183
0.024542
0.561575
0.233545
0.354214
0.339778
0.205502
0.156835
0.200671
0.321400
0.477479
0.764496
0.481651
0.554346
0.859461
0.042919
0.450501
0.868268
0.127863
0.913795
0.667267
0.843789
0.857079
0.985568
0.017749
0.954765
0.379902
0.254855
0.972803
0.806192
0.083348
0.180477
0.060308
0.265182
0.892624
0.087033
0.537510
0.549168
0.127796
0.554351
0.663105
0.602075
0.728376
0.080752
0.337921
0.066680
0.945097
0.455209
0.845530
0.886419
0.442471
0.798045
0.155685
0.102130
0.440975
0.713077
0.440253
0.967964
0.014483
0.405031
0.566185
0.472704
0.598858
0.460657
0.796609
0.085318
0.890417
0.604003
0.827800
0.647085
0.049527
0.754805
0.021104
0.024432
0.209187
0.176257
0.935391
0.457107
0.126566
0.978636
0.643259
0.984425
0.160441
0.546835
0.509470
0.679315
0.554081
0.974845
0.656889
0.831645
0.848554
0.896569
0.687113
0.818194
0.646311
0.249063
0.479004
0.411624
0.569105
0.569338
0.282001
0.110060
0.010668
0.423739
0.076499
0.052081
0.357898
0.744494
0.270325
0.298144
0.429759
0.488266
0.071652
0.003583
0.167465
0.090112
0.183822
0.851945
0.956703
0.757724
0.054909
0.264623
0.820888
0.997251
0.418213
0.548499
0.343039
0.256735
0.824809
0.901619
0.458702
0.728531
0.180974
0.142689
0.779899
0.023415
0.919501
0.752783
0.138070
0.601927
0.843572
0.036541
0.168864
0.049309
0.264444
0.062183
0.050818
0.598986
0.803942
0.717576
0.249556
0.742283
0.005824
0.658113
0.093138
0.686395
0.910467
0.618324
0.054323
0.586188
0.597839
0.052771
0.804587
0.947901
0.153268
0.173092
0.316174
0.132255
0.464859
0.675449
0.473586
0.381746
0.079111
0.943562
0.789087
0.900105
0.610871
0.797849
0.343889
0.130997
0.455614
0.912145
0.162752
0.230334
0.628295
0.377773
0.014979
0.933106
0.450427
0.593571
0.906418
0.576867
0.738124
0.014574
0.310233
0.726753
0.673093
0.575271
0.072508
0.904830
0.074174
0.783825
0.679416
0.643537
0.593600
0.192553
0.182696
0.258653
0.001410
0.447405
0.226698
0.873954
0.380231
0.056499
0.236458
0.274441
0.484597
0.295621
0.068705
0.728879
0.971886
0.321628
0.846169
0.335789
0.610618
0.056889
0.687951
0.149323
0.366701
0.024654
0.810094
0.179614
0.335264
0.927897
0.136119
0.053963
0.655867
0.179758
0.667225
0.284999
0.956998
0.049703
0.191100
0.593363
0.893821
0.677036
0.720120
0.983202
0.352596
0.610813
0.141969
0.383016
0.030652
0.181445
0.875676
0.231487
0.775999
0.977624
0.306870
0.033638
0.953287
0.711476
0.152682
0.017627
0.605777
0.565589
0.162271
0.897395
0.816686
0.389034
0.229738
0.525036
0.231303
0.735348
0.573646
0.546514
0.988786
0.700340
0.952668
0.915437
0.939260
0.732097
0.203162
0.718309
0.188167
0.821696
0.700392
0.433284
0.849392
0.664557
0.875465
0.949971
0.969062
0.481883
0.457352
0.980175
0.860230
0.471154
0.420883
0.200553
0.656995
0.191512
0.970638
0.982991
0.734533
0.371534
0.858620
0.974248
0.421675
0.749412
0.817218
0.612016
0.470930
0.850326
0.357471
0.878057
0.097055
0.729323
0.776723
0.141778
0.859862
0.621253
0.503219
0.546163
0.133379
0.604621
0.525163
0.528183
0.770962
0.093831
0.531046
0.428921
0.772810
0.554571
0.399739
0.560788
0.116483
0.438911
0.777542
0.390825
0.359780
0.661793
0.602909
0.177936
0.568486
0.859775
0.295548
0.907021
0.804781
0.228360
0.583275
0.763599
0.328134
0.475110
0.565406
0.744870
0.618142
0.529689
0.074580
0.148730
0.703828
0.764657
0.672314
0.658831
0.633269
0.290677
0.546498
0.731682
0.986375
0.636578
0.913774
0.026148
0.788111
0.188242
0.607872
0.137469
0.802586
0.606623
0.493105
0.118999
0.418862
0.418012
0.878303
0.586989
0.187402
0.057279
0.605014
0.086912
0.154911
0.048617
0.796155
0.269606
0.642285
0.008963
0.911290
0.093497
0.558983
0.158309
0.651706
0.050123
0.943793
0.564699
0.971627
0.941932
0.708264
0.818783
0.008556
0.301579
0.251916
0.409170
0.175608
0.664137
0.325158
0.698701
0.258801
0.703338
0.719085
0.255101
0.008251
0.195495
0.671942
0.740717
0.479379
0.227337
0.520674
0.877712
0.794004
0.246131
0.839224
0.746343
0.683888
0.204555
0.717717
0.296842
0.195139
0.982050
0.976428
0.168000
0.566642
0.897776
0.809034
0.101303
0.408668
0.547358
0.244543
0.513386
0.371690
0.282515
0.660027
0.353425
0.133595
0.446540
0.911665
0.472997
0.646426
0.565624
0.619257
0.069812
0.670994
0.593154
0.112444
0.202805
0.938146
0.604034
0.133742
0.269378
0.249946
0.580155
0.124615
0.055610
0.434958
0.598802
0.831427
0.925767
0.763154
0.651584
0.312731
0.805646
0.839059
0.661782
0.360282
0.235844
0.632376
0.078974
0.549677
0.772636
0.488464
0.454384
0.132184
0.810776
0.853455
0.238650
0.925167
0.542525
0.334964
0.159563
0.904845
0.038177
0.605156
0.333257
0.382091
0.574427
0.810589
0.549466
0.817728
0.078902
0.411301
0.162525
0.423033
0.063999
0.448466
0.453242
0.365937
0.838998
0.759954
0.991863
0.472331
0.765246
0.274742
0.594577
0.084369
0.538394
0.811613
0.745325
0.220280
0.673672
0.907567
0.579826
0.298739
0.244118
0.462168
0.220392
0.267312
0.312125
0.480763
0.475660
0.944621
0.634037
0.339104
0.913914
0.636682
0.418688
0.010433
0.683690
0.052252
0.155663
0.628496
0.039335
0.081379
0.373614
0.243109
0.749041
0.688262
0.673294
0.762440
0.925795
0.674794
0.943371
0.680374
0.151939
0.787223
0.194191
0.367314
0.578840
0.164934
0.998223
0.524616
0.034327
0.630341
0.579347
0.809735
0.024747
0.048020
0.827065
0.862335
0.965088
0.665229
0.565278
0.323989
0.098190
0.970186
0.117486
0.265503
0.353840
0.711649
0.277064
0.792170
0.505914
0.581304
0.127293
0.767799
0.593198
0.716113
0.832885
0.401296
0.335902
0.902146
0.767580
0.018775
0.594497
0.190572
0.416924
0.497327
0.614943
0.672739
0.519597
0.299187
0.436783
0.385635
0.678577
0.412427
0.846641
0.481037
0.165038
0.589482
0.875350
0.451636
0.453114
0.034310
0.973885
0.322643
0.662236
0.606278
0.558148
0.371126
0.118926
0.587107
0.198527
0.912272
0.612067
0.708908
0.426762
0.348307
0.510108
0.780925
0.483635
0.977476
0.669871
0.166327
0.961302
0.964745
0.974668
0.177691
0.601032
0.723035
0.312395
0.700515
0.272062
0.369034
0.321350
0.134557
0.059075
0.369739
0.599457
0.210774
0.812345
0.973472
0.214923
0.555788
0.807272
0.673823
0.710766
0.455189
0.771466
0.202281
0.333720
0.262069
0.863054
0.727719
0.167100
0.523271
0.439327
0.767758
0.085122
0.699071
0.602370
0.920312
0.747231
0.568028
0.489568
0.932865
0.362251
0.759220
0.360309
0.137517
0.557754
0.869764
0.570081
0.674756
0.480534
0.046207
0.746721
0.876576
0.990312
0.064081
0.410877
0.308012
0.902517
0.633813
0.862184
0.128038
0.757219
0.214087
0.129860
0.578360
0.056558
0.543947
0.977292
0.645605
0.432563
0.468526
0.301885
0.733137
0.464160
0.629423
0.550831
0.088805
0.523494
0.317676
0.597894
0.261721
0.265691
0.327239
0.493956
0.244069
0.479169
0.269959
0.966404
0.568397
0.640005
0.171307
0.839398
0.124861
0.962461
0.452913
0.423975
0.563180
0.498328
0.888005
0.032359
0.837604
0.777610
0.134547
0.325289
0.159685
0.402203
0.981419
0.359819
0.506696
0.076818
0.742454
0.420894
0.105228
0.523291
0.823011
0.594113
0.517110
0.538137
0.153935
0.661884
0.244824
0.289222
0.610095
0.941022
0.980183
0.529312
0.518062
0.528272
0.354772
0.294860
0.296297
0.693170
0.555557
0.332501
0.920021
0.925773
0.198294
0.215008
0.100288
0.520061
0.107078
0.063140
0.920474
0.183643
0.073120
0.331287
0.508123
0.049203
0.146763
0.367488
0.779140
0.906388
0.664966
0.243896
0.283737
0.187438
0.272510
0.798777
0.197067
0.148878
0.857637
0.550774
0.038364
0.929440
0.790282
0.707949
0.206291
0.320869
0.880756
0.119674
0.019155
0.872325
0.962021
0.623483
0.704450
0.155878
0.244270
0.927847
0.512312
0.395892
0.521701
0.872017
0.614069
0.836992
0.631080
0.117882
0.125384
0.451020
0.246621
0.713844
0.372259
0.753020
0.511642
0.203126
0.134538
0.413274
0.151005
0.906718
0.044520
0.356458
0.538098
0.587452
0.485676
0.503190
0.515016
0.081096
0.277195
0.981129
0.582655
0.589986
0.224480
0.680663
0.615101
0.720028
0.831091
0.670825
0.588914
0.908823
0.373885
0.129526
0.157262
0.130580
0.568659
0.749470
0.797079
0.193031
0.377995
0.005445
0.270083
0.698514
0.424953
0.370224
0.627616
0.249772
0.561284
0.638171
0.342031
0.436885
0.663936
0.904035
0.962695
0.164003
0.078618
0.294889
0.769911
0.033773
0.328815
0.069830
0.465043
0.660630
0.574917
0.681702
0.959290
0.511698
0.678711
0.292121
0.591891
0.860092
0.593201
0.444973
0.184540
0.982929
0.711129
0.681035
0.149824
0.158146
0.160117
0.466595
0.869760
0.361491
0.860621
0.043117
0.136869
0.673348
0.499919
0.503790
0.062100
0.633789
0.264143
0.422975
0.082061
0.200448
0.792824
0.896712
0.679870
0.088882
0.926919
0.124126
0.950903
0.019221
0.364822
0.344370
0.302792
0.927985
0.637353
0.761452
0.376235
0.590798
0.798227
0.707879
0.607205
0.259294
0.819867
0.254260
0.677944
0.721511
0.371230
0.078855
0.732781
0.981913
0.832761
0.663976
0.806610
0.315263
0.742283
0.036433
0.378670
0.883612
0.306557
0.847976
0.515727
0.698647
0.489870
0.606228
0.444156
0.145663
0.207877
0.806305
0.125351
0.742953
0.387618
0.593174
0.927408
0.152445
0.434459
0.207895
0.131811
0.160708
0.859714
0.179876
0.418600
0.121138
0.548788
0.806822
0.356118
0.396939
0.054729
0.520046
0.431919
0.843593
0.293792
0.038587
0.176350
0.621816
0.031831
0.406570
0.643480
0.515194
0.557646
0.371230
0.871791
0.189338
0.230847
0.550524
0.907227
0.519980
0.035581
0.609642
0.897609
0.839802
0.572778
0.188346
0.935184
0.908527
0.590594
0.381356
0.343662
0.354919
0.199366
0.897936
0.163620
0.349751
0.138824
0.499228
0.004223
0.214951
0.123900
0.829638
0.055110
0.014363
0.889152
0.934746
0.701991
0.343593
0.904948
0.352072
0.003930
0.783194
0.712791
0.127810
0.038744
0.013543
0.492115
0.537496
0.233644
0.838357
0.638637
0.450101
0.917688
0.840083
0.672512
0.882063
0.947875
0.091736
0.236727
0.914057
0.616168
0.677928
0.977239
0.966394
0.672135
0.367770
0.288927
0.651400
0.723132
0.409089
0.535711
0.571195
0.108187
0.644251
0.068776
0.879224
0.419568
0.766772
0.772575
0.364094
0.067240
0.755481
0.299736
0.019104
0.898365
0.718249
0.629736
0.917662
0.594524
0.807642
0.155055
0.405552
0.744016
0.775732
0.811042
0.961300
0.967650
0.241183
0.623662
0.444864
0.505542
0.007470
0.028044
0.630513
0.935678
0.159169
0.312510
0.064407
0.525655
0.885626
0.397453
0.171414
0.563706
0.829679
0.726437
0.354698
0.827383
0.433628
0.033704
0.089594
0.233981
0.530840
0.200301
0.929978
0.837080
0.010368
0.165632
0.894543
0.999603
0.913604
0.943628
0.958018
0.394250
0.124477
0.823043
0.802706
0.282996
0.819909
0.439820
0.173514
0.282745
0.053044
0.706828
0.477127
0.120934
0.932471
0.990859
0.682110
0.715764
0.607122
0.890492
0.797773
0.371687
0.411840
0.433784
0.839734
0.875352
0.661078
0.931691
0.788611
0.491595
0.810260
0.611571
0.023544
0.670296
0.108268
0.770358
0.064659
0.781597
0.318373
0.858691
0.582224
0.664922
0.816223
0.429317
0.497887
0.825915
0.815873
0.798405
0.095602
0.464905
0.264745
0.794876
0.713902
0.443858
0.725638
0.827130
0.980450
0.551165
0.588665
0.014086
0.375811
0.890474
0.332454
0.636777
0.657581
0.140172
0.047922
0.733833
0.466018
0.415654
0.867956
0.482769
0.162622
0.322539
0.926501
0.823592
0.387003
0.093202
0.902946
0.868640
0.474492
0.093450
0.784892
0.348200
0.602980
0.874602
0.686144
0.819342
0.856841
0.287893
0.255503
0.240366
0.306722
0.723925
0.589482
0.072115
0.521893
0.377104
0.805946
0.523713
0.978315
0.879862
0.184614
0.501091
0.331812
0.439319
0.976253
0.959641
0.547189
0.606087
0.776130
0.675137
0.126880
0.151202
0.879953
0.722391
0.526835
0.065341
0.801456
0.107573
0.300347
0.319855
0.289664
0.666645
0.391458
0.763187
0.477868
0.857069
0.216917
0.194180
0.590398
0.605891
0.601363
0.882523
0.081554
0.216975
0.491166
0.830076
0.303480
0.688176
0.096182
0.948922
0.889687
0.344222
0.383934
0.504979
0.964274
0.975500
0.739487
0.484228
0.150283
0.161263
0.421982
0.161281
0.971848
0.420400
0.784665
0.483244
0.037232
0.232927
0.077512
0.090231
0.273779
0.650007
0.277687
0.678968
0.238705
0.369986
0.199787
0.187427
0.718399
0.512295
0.006877
0.677417
0.079214
0.839529
0.545814
0.838182
0.379364
0.440209
0.303326
0.242652
0.441703
0.430128
0.595676
0.953547
0.700474
0.817139
0.472313
0.278326
0.037730
0.832152
0.957560
0.742869
0.658523
0.530391
0.085334
0.826648
0.001390
0.374315
0.012451
0.621328
0.334010
0.578050
0.933023
0.690986
0.530884
0.686202
0.173368
0.704733
0.552357
0.308585
0.092015
0.801108
0.630722
0.377476
0.187979
0.924934
0.814747
0.532582
0.318843
0.784475
0.373353
0.328507
0.899747
0.198043
0.298436
0.687134
0.053323
0.780695
0.268991
0.911474
0.911927
0.354917
0.839393
0.243611
0.965983
0.645650
0.364798
0.326432
0.020763
0.145362
0.427190
0.297141
0.378413
0.691422
0.910623
0.584704
0.234826
0.549225
0.268477
0.377888
0.782589
0.178906
0.704091
0.641528
0.813527
0.629790
0.495780
0.875446
0.599047
0.271595
0.669764
0.832221
0.007207
0.221941
0.905115
0.962325
0.034060
0.349944
0.068305
0.617562
0.282197
0.527875
0.485711
0.804338
0.970190
0.290070
0.060964
0.002926
0.198452
0.053578
0.780330
0.886626
0.124690
0.574355
0.463966
0.028248
0.234817
0.548279
0.417563
0.122645
0.087518
0.472635
0.486830
0.286711
0.207770
0.483194
0.375116
0.936709
0.234882
0.098964
0.351491
0.000840
0.156861
0.276471
0.380340
0.383942
0.297701
0.636392
0.907447
0.209132
0.160120
0.424970
0.655927
0.638462
0.797713
0.962914
0.625812
0.642945
0.730764
0.044739
0.182497
0.238067
0.696865
0.055903
0.399237
0.210710
0.066736
0.414832
0.979430
0.785272
0.449150
0.777838
0.142721
0.388684
0.077084
0.793094
0.488452
0.168012
0.834023
0.778080
0.398736
0.571451
0.813702
0.260590
0.217311
0.285137
0.554639
0.395826
0.768895
0.927174
0.140553
0.183055
0.060352
0.089111
0.485382
0.466076
0.152971
0.599598
0.028272
0.718718
0.927230
0.541501
0.318553
0.607394
0.902175
0.791565
0.188709
0.251752
0.116007
0.065015
0.707353
0.667052
0.955874
0.093103
0.221857
0.317276
0.376268
0.398264
0.509208
0.795642
0.938490
0.437886
0.152748
0.456896
0.148916
0.234466
0.886185
0.038891
0.871565
0.087831
0.830621
0.573652
0.008020
0.972797
0.774102
0.933849
0.427823
0.452959
0.688896
0.063211
0.753625
0.293789
0.274232
0.245467
0.072114
0.339511
0.065216
0.495344
0.622855
0.557449
0.731924
0.609550
0.100115
0.138552
0.417590
0.096797
0.503443
0.364308
0.571784
0.971936
0.223751
0.556226
0.451816
0.951713
0.063800
0.230861
0.500459
0.829892
0.548465
0.791191
0.943996
0.972451
0.115940
0.249836
0.911551
0.647997
0.622239
0.045205
0.375568
0.138090
0.684160
0.251928
0.127200
0.123250
0.358924
0.940913
0.026336
0.609283
0.614431
0.096197
0.289955
0.416269
0.310896
0.182005
0.022838
0.158616
0.378093
0.599604
0.972067
0.822256
0.862788
0.851759
0.338267
0.975812
0.569671
0.204237
0.662955
0.212932
0.705311
0.657677
0.860132
0.212780
0.014538
0.881308
0.536326
0.592441
0.966733
0.151164
0.452621
0.934231
0.006452
0.000305
0.450332
0.386778
0.555974
0.271055
0.723373
0.532426
0.843957
0.278180
0.617298
0.779397
0.296501
0.727297
0.964519
0.973156
0.912705
0.389589
0.143468
0.229836
0.983966
0.068244
0.854686
0.430586
0.496056
0.289463
0.566332
0.693441
0.742374
0.657576
0.582266
0.498632
0.182095
0.808339
0.829175
0.466049
0.172284
0.065060
0.556430
0.742466
0.099898
0.164488
0.679713
0.262422
0.096516
0.628980
0.025411
0.849368
0.902684
0.843785
0.221348
0.136250
0.376967
0.309175
0.236782
0.214727
0.682208
0.305910
0.434126
0.784009
0.204772
0.497390
0.134808
0.673771
0.250928
0.673774
0.396720
0.961773
0.784250
0.857738
0.940940
0.488843
0.045844
0.985070
0.363086
0.742138
0.682066
0.169374
0.145267
0.331606
0.868823
0.485084
0.277879
0.709636
0.512064
0.571385
0.784017
0.576152
0.638576
0.619275
0.830300
0.455003
0.149583
0.366832
0.938768
0.095290
0.183465
0.484926
0.332214
0.629627
0.373431
0.157374
0.750083
0.274200
0.383435
0.376703
0.033068
0.304769
0.093864
0.806816
0.370039
0.249318
0.400811
0.381779
0.646614
0.160635
0.297099
0.462177
0.488843
0.366470
0.640429
0.420863
0.324879
0.398467
0.794464
0.147588
0.672884
0.508480
0.554751
0.470278
0.665224
0.594840
0.855134
0.301852
0.991950
0.288687
0.411495
0.801893
0.870363
0.873420
0.175644
0.699368
0.137849
0.849966
0.979886
0.100939
0.436809
0.226133
0.460774
0.561571
0.211220
0.272938
0.279022
0.160155
0.236649
0.593234
0.244453
0.524632
0.250224
0.317679
0.665120
0.312723
0.052827
0.047968
0.538216
0.340136
0.484003
0.275484
0.573917
0.954457
0.705627
0.669686
0.840292
0.356324
0.568917
0.821076
0.790878
0.772776
0.122062
0.902876
0.869327
0.224453
0.809296
0.863383
0.320184
0.903727
0.865531
0.264717
0.767732
0.546565
0.590089
0.285343
0.407081
0.517070
0.883727
0.805378
0.251547
0.590387
0.651970
0.043475
0.771609
0.638333
0.672743
0.421482
0.909849
0.388562
0.757169
0.003441
0.691271
0.861993
0.408961
0.828052
0.435281
0.079176
0.218052
0.814869
0.116042
0.780957
0.310484
0.541557
0.513448
0.530756
0.666490
0.841947
0.404818
0.932758
0.871312
0.948574
0.679249
0.382202
0.227747
0.173819
0.532476
0.940410
0.600151
0.342131
0.400324
0.442108
0.313340
0.206224
0.232526
0.563875
0.259233
0.543289
0.297215
0.374586
0.443483
0.844747
0.460339
0.143222
0.767125
0.317214
0.243042
0.534910
0.372404
0.535166
0.617464
0.488163
0.611490
0.833645
0.206827
0.177834
0.263632
0.633717
0.841242
0.121097
0.240939
0.676139
0.038865
0.133693
0.285428
0.270782
0.334489
0.824251
0.268753
0.986386
0.740714
0.289545
0.094226
0.715922
0.919412
0.175854
0.393948
0.409544
0.590606
0.388197
0.923797
0.424892
0.835849
0.436621
0.103991
0.023068
0.278676
0.420312
0.265035
0.226553
0.741241
0.832647
0.494593
0.234720
0.126399
0.185314
0.533231
0.261084
0.382537
0.371218
0.188760
0.167412
0.398934
0.311776
0.017713
0.777418
0.079924
0.837198
0.761802
0.708375
0.991349
0.348396
0.540670
0.893659
0.307185
0.451374
0.616701
0.340900
0.582672
0.185627
0.835117
0.957554
0.629990
0.603094
0.285414
0.659190
0.761099
0.586757
0.143736
0.607512
0.616512
0.279361
0.582658
0.323891
0.545872
0.407412
0.910213
0.427750
0.283565
0.029125
0.770063
0.350069
0.947168
0.832930
0.767311
0.711423
0.950703
0.308518
0.510665
0.174673
0.655107
0.937526
0.785894
0.302762
0.751621
0.990984
0.039294
0.552845
0.489008
0.597982
0.025819
0.629150
0.289775
0.810282
0.003992
0.646752
0.261245
0.182858
0.219326
0.165352
0.874474
0.650608
0.421757
0.579049
0.589228
0.141714
0.986436
0.346184
0.942193
0.656200
0.511624
0.619310
0.110904
0.105312
0.687698
0.111682
0.328149
0.565349
0.747520
0.821341
0.051339
0.752195
0.584205
0.873852
0.947211
0.489798
0.833004
0.124119
0.949650
0.984768
0.839353
0.349760
0.230574
0.995464
0.227317
0.506563
0.352502
0.538562
0.175830
0.101951
0.942465
0.152342
0.447056
0.497852
0.468881
0.981109
0.429349
0.096596
0.945496
0.950807
0.292518
0.585458
0.716128
0.289625
0.536434
0.569979
0.690061
0.754368
0.390831
0.927933
0.365271
0.996540
0.002303
0.217558
0.134385
0.222482
0.389206
0.912617
0.599406
0.913988
0.055420
0.614739
0.041457
0.660955
0.619178
0.166100
0.031185
0.938962
0.232562
0.622766
0.009847
0.036898
0.247020
0.903188
0.497423
0.723325
0.200286
0.958352
0.353585
0.909432
0.088525
0.676069
0.011481
0.793727
0.057764
0.632805
0.929186
0.120389
0.363075
0.504750
0.341737
0.602566
0.141534
0.118634
0.042514
0.074957
0.233085
0.297274
0.890756
0.832128
0.804769
0.869445
0.688102
0.162805
0.349427
0.079406
0.884044
0.216736
0.798732
0.090436
0.674530
0.433689
0.149718
0.048374
0.850202
0.050288
0.017845
0.888926
0.031663
0.673395
0.348057
0.146948
0.273229
0.530341
0.770758
0.824147
0.288488
0.034510
0.653453
0.665473
0.466122
0.329313
0.322069
0.762427
0.293848
0.428105
0.744466
0.215993
0.898738
0.636115
0.648142
0.307392
0.651788
0.900963
0.248269
0.202224
0.536520
0.464303
0.128768
0.831405
0.156714
0.221646
0.157904
0.331123
0.644865
0.699853
0.758624
0.518124
0.490790
0.715654
0.985524
0.449989
0.248018
0.351351
0.519617
0.609915
0.180431
0.129448
0.747050
0.883697
0.244600
0.684921
0.449094
0.161859
0.622132
0.026701
0.887641
0.629699
0.582986
0.443429
0.866506
0.749075
0.496635
0.941569
0.473454
0.079029
0.908815
0.662333
0.520201
0.343384
0.672861
0.187497
0.795594
0.235053
0.712087
0.981184
0.205961
0.666822
0.997126
0.278716
0.933656
0.869341
0.506825
0.324736
0.420722
0.669359
0.219358
0.287403
0.099879
0.137902
0.842090
0.294858
0.381525
0.983046
0.864929
0.176052
0.730147
0.080132
0.605224
0.763998
0.078346
0.960972
0.852705
0.169307
0.275399
0.662863
0.190407
0.279410
0.509117
0.784853
0.582346
0.336315
0.562613
0.549465
0.604213
0.614505
0.373410
0.183795
0.611255
0.375633
0.641244
0.277470
0.666708
0.231887
0.163907
0.137468
0.701462
0.550468
0.536186
0.931912
0.456698
0.435689
0.155474
0.759742
0.518969
0.895203
0.231284
0.281542
0.563905
0.767669
0.703030
0.239377
0.540040
0.167142
0.303954
0.716624
0.646896
0.340760
0.173641
0.250970
0.952269
0.218436
0.105911
0.242313
0.927458
0.630726
0.069307
0.033436
0.596209
0.335363
0.804024
0.090678
0.975352
0.089964
0.212051
0.883447
0.618795
0.169469
0.347010
0.877274
0.884046
0.751966
0.298117
0.266502
0.247623
0.896561
0.295539
0.093180
0.528923
0.736345
0.686799
0.169399
0.054811
0.771676
0.251300
0.692482
0.164238
0.412576
0.365697
0.472814
0.280943
0.516402
0.482085
0.719395
0.726986
0.870218
0.287766
0.179845
0.112911
0.261760
0.010000
0.792532
0.165113
0.137535
0.243960
0.613732
0.837956
0.021584
0.891974
0.795219
0.216456
0.266373
0.356625
0.446936
0.185795
0.522422
0.316697
0.340070
0.466318
0.685691
0.726047
0.473099
0.464779
0.866130
0.273485
0.235123
0.413393
0.427074
0.725361
0.656572
0.665411
0.851724
0.248487
0.296325
0.762143
0.835059
0.577766
0.276097
0.918145
0.828857
0.289836
0.877907
0.742586
0.473246
0.980074
0.936488
0.097757
0.944290
0.410038
0.175648
0.203821
0.570408
0.409454
0.900374
0.540925
0.702167
0.998581
0.032941
0.406064
0.709115
0.576610
0.937686
0.933814
0.634673
0.459458
0.836108
0.109364
0.627250
0.529118
0.465437
0.189214
0.690640
0.713113
0.249151
0.691240
0.408721
0.851321
0.626518
0.637104
0.539024
0.299228
0.790221
0.195412
0.667190
0.945095
0.440404
0.365552
0.957387
0.394572
0.121182
0.329854
0.748233
0.033877
0.199041
0.635943
0.367576
0.710320
0.707766
0.235711
0.802733
0.973019
0.073736
0.754991
0.648339
0.031329
0.065565
0.452348
0.336002
0.323751
0.156463
0.200839
0.517843
0.886376
0.126411
0.150141
0.358579
0.495959
0.777706
0.213581
0.000386
0.543841
0.016143
0.036770
0.895259
0.328368
0.259630
0.882116
0.973767
0.762712
0.298855
0.787787
0.936860
0.621914
0.263308
0.640610
0.415912
0.633223
0.632988
0.268477
0.478676
0.549359
0.163445
0.513715
0.699966
0.606959
0.319852
0.612545
0.674453
0.395565
0.177674
0.518731
0.616191
0.445453
0.873490
0.777426
0.310776
0.807454
0.758260
0.451441
0.597597
0.755903
0.452294
0.813864
0.301453
0.780111
0.268366
0.428059
0.118849
0.225526
0.337443
0.655128
0.506314
0.571769
0.391876
0.045175
0.984492
0.154662
0.052947
0.968120
0.268753
0.381830
0.547073
0.363581
0.433401
0.822155
0.202198
0.419062
0.939866
0.579681
0.110568
0.302483
0.781185
0.758115
0.328064
0.578396
0.974467
0.767871
0.060115
0.519408
0.312148
0.870325
0.818847
0.748196
0.309172
0.982331
0.315179
0.108990
0.050682
0.269940
0.428137
0.082584
0.960333
0.426140
0.461789
0.750803
0.713252
0.980964
0.829578
0.790812
0.139259
0.950809
0.860441
0.598937
0.952772
0.638397
0.757095
0.639787
0.727619
0.039975
0.863757
0.699073
0.511526
0.304554
0.227299
0.789026
0.673064
0.653625
0.562568
0.044054
0.055711
0.824385
0.642328
0.432952
0.956241
0.260572
0.111987
0.224252
0.900253
0.748527
0.906037
0.193920
0.777388
0.612605
0.681867
0.427647
0.020648
0.360862
0.020120
0.168249
0.593127
0.920092
0.057147
0.896447
0.823216
0.078007
0.682527
0.808354
0.829042
0.099984
0.046151
0.292079
0.417422
0.702192
0.446755
0.036174
0.071166
0.975660
0.203996
0.049893
0.258540
0.217113
0.411043
0.329761
0.149441
0.662038
0.307277
0.367666
0.552076
0.232024
0.812711
0.233055
0.505770
0.108215
0.779987
0.960952
0.293179
0.996674
0.506211
0.139893
0.153896
0.235041
0.483902
0.169885
0.306510
0.241367
0.307261
0.807768
0.402784
0.942045
0.418748
0.882623
0.183100
0.832299
0.267746
0.842588
0.613480
0.440609
0.958248
0.075146
0.668393
0.996998
0.964319
0.903207
0.489126
0.427722
0.748249
0.369802
0.154341
0.719263
0.963773
0.401966
0.844602
0.041159
0.745907
0.874118
0.826336
0.697214
0.337941
0.560543
0.472837
0.484942
0.327026
0.337287
0.390695
0.462134
0.955687
0.411208
0.913350
0.603139
0.046291
0.573556
0.424187
0.857651
0.435595
0.678390
0.417090
0.255393
0.428881
0.189911
0.579196
0.442157
0.912114
0.835171
0.687686
0.984720
0.457784
0.497670
0.414523
0.788196
0.012050
0.517100
0.614861
0.148399
0.713246
0.305887
0.537156
0.827324
0.702820
0.774734
0.600805
0.818851
0.817729
0.390157
0.667183
0.026469
0.535097
0.543732
0.445998
0.622581
0.247642
0.028053
0.730443
0.488498
0.110938
0.205942
0.255592
0.252341
0.478406
0.243922
0.853506
0.281181
0.686808
0.538561
0.743422
0.684048
0.895496
0.761717
0.806741
0.559202
0.990442
0.682553
0.525591
0.207635
0.972230
0.303199
0.628924
0.714338
0.774853
0.447269
0.457020
0.752266
0.660318
0.467737
0.752695
0.041331
0.438824
0.744762
0.265546
0.110705
0.110191
0.414528
0.165200
0.826182
0.796294
0.476964
0.399652
0.519869
0.720177
0.926682
0.950021
0.716009
0.931843
0.091364
0.536071
0.241564
0.076074
0.232011
0.838707
0.705046
0.974946
0.013208
0.432585
0.366937
0.820548
0.558219
0.748542
0.598239
0.367499
0.160830
0.945699
0.688665
0.226221
0.823685
0.870938
0.027456
0.687706
0.038758
0.147283
0.638223
0.004020
0.085031
0.485334
0.471746
0.607634
0.244184
0.174096
0.607626
0.782111
0.211216
0.960042
0.998934
0.947384
0.350312
0.973079
0.946194
0.267644
0.750753
0.113116
0.355812
0.781057
0.565897
0.853759
0.289356
0.604833
0.788921
0.647033
0.022269
0.906925
0.315466
0.752093
0.867649
0.703568
0.793337
0.812647
0.038816
0.173330
0.071393
0.215120
0.682950
0.573434
0.530188
0.189931
0.814883
0.082007
0.546654
0.522940
0.347765
0.532705
0.835004
0.993828
0.939054
0.080378
0.734228
0.165014
0.968815
0.444524
0.476979
0.011591
0.815424
0.714655
0.403011
0.776382
0.015064
0.990420
0.327219
0.047198
0.671397
0.301846
0.901692
0.051425
0.997240
0.108689
0.430313
0.022501
0.254599
0.538128
0.672286
0.408387
0.623597
0.233873
0.000048
0.435764
0.294427
0.868464
0.738968
0.861053
0.903117
0.687405
0.210473
0.234948
0.842134
0.166577
0.396215
0.650809
0.197569
0.694062
0.388482
0.272279
0.135202
0.856363
0.302143
0.064498
0.473990
0.771146
0.610831
0.640959
0.688858
0.967386
0.790352
0.897314
0.176124
0.662346
0.656965
0.847278
0.309962
0.977549
0.230264
0.365807
0.696920
0.329453
0.356849
0.760716
0.303567
0.883844
0.423148
0.978113
0.436267
0.266127
0.847362
0.363636
0.583171
0.345748
0.349176
0.218316
0.925872
0.351512
0.832035
0.135532
0.691841
0.836655
0.707130
0.147232
0.955228
0.609163
0.500713
0.769876
0.270627
0.294056
0.884484
0.634879
0.993544
0.474963
0.200411
0.764748
0.918025
0.531620
0.458086
0.088102
0.741732
0.673989
0.325208
0.413165
0.452619
0.931277
0.875816
0.075010
0.904059
0.694939
0.271029
0.699184
0.280545
0.073155
0.425677
0.848660
0.604037
0.417765
0.966515
0.473061
0.288150
0.330737
0.943557
0.205369
0.405777
0.276659
0.976100
0.813693
0.491653
0.514451
0.688985
0.927744
0.885761
0.273737
0.925132
0.362014
0.870997
0.059597
0.161763
0.662169
0.791437
0.203054
0.967988
0.804727
0.524840
0.392976
0.682289
0.063356
0.122121
0.920326
0.034245
0.451767
0.529857
0.366734
0.632104
0.635517
0.611124
0.691079
0.286822
0.132602
0.407492
0.812310
0.530055
0.565323
0.436739
0.454563
0.630005
0.105039
0.669742
0.836772
0.007574
0.725388
0.920024
0.329826
0.912272
0.148038
0.253208
0.090566
0.723621
0.271749
0.024234
0.518495
0.382642
0.282685
0.932585
0.368436
0.874431
0.491270
0.439363
0.197031
0.052016
0.032391
0.024523
0.109392
0.133159
0.302730
0.871261
0.713645
0.982760
0.285786
0.340578
0.817346
0.385353
0.425021
0.117760
0.940432
0.032403
0.612997
0.175368
0.811542
0.226693
0.542244
0.540956
0.914581
0.534903
0.234765
0.794599
0.771646
0.556292
0.714738
0.759852
0.772700
0.076732
0.290737
0.873833
0.549434
0.810018
0.558641
0.847566
0.109336
0.239844
0.598528
0.285078
0.409639
0.991862
0.624820
0.689186
0.132502
0.195804
0.618371
0.504500
0.234414
0.759482
0.332746
0.969518
0.989518
0.853932
0.170717
0.479110
0.550538
0.536161
0.350898
0.071610
0.132098
0.843287
0.128286
0.814566
0.082788
0.947098
0.681097
0.867978
0.845509
0.189665
0.323000
0.265260
0.333481
0.435948
0.198007
0.600561
0.800869
0.241795
0.395817
0.764815
0.855793
0.781736
0.314264
0.707504
0.871625
0.502413
0.683044
0.714162
0.299806
0.718763
0.530832
0.712057
0.381586
0.161429
0.960981
0.127187
0.622443
0.213416
0.940196
0.725009
0.032958
0.829445
0.190089
0.560380
0.314832
0.375803
0.004676
0.992198
0.642899
0.229112
0.137111
0.920654
0.089460
0.921858
0.417741
0.967693
0.874289
0.035824
0.840745
0.994610
0.912710
0.630906
0.709880
0.872817
0.761017
0.956660
0.714458
0.980347
0.651630
0.293004
0.549071
0.849926
0.850839
0.558003
0.556681
0.330997
0.798830
0.980568
0.114500
0.861490
0.321325
0.246620
0.347732
0.393621
0.869031
0.052138
0.926950
0.420730
0.607245
0.242343
0.476038
0.633317
0.924265
0.759616
0.967269
0.258644
0.469628
0.967026
0.242649
0.981811
0.627519
0.757727
0.250074
0.832258
0.998651
0.024104
0.932997
0.350816
0.518521
0.697529
0.291177
0.297854
0.022456
0.328164
0.817004
0.528804
0.954155
0.998992
0.221430
0.035106
0.632882
0.835097
0.184413
0.057696
0.997978
0.741964
0.835486
0.075243
0.900407
0.371625
0.448203
0.165483
0.017456
0.804866
0.248044
0.207168
0.699581
0.690936
0.700498
0.173352
0.734745
0.000190
0.386523
0.312151
0.079877
0.890864
0.639605
0.885987
0.713724
0.642491
0.557416
0.830957
0.079366
0.694231
0.317985
0.133476
0.823013
0.470473
0.346731
0.192378
0.466400
0.867906
0.044573
0.770593
0.472373
0.632797
0.884247
0.759158
0.492824
0.427303
0.210257
0.992333
0.175306
0.380051
0.998527
0.727168
0.086249
0.503731
0.106121
0.830062
0.171852
0.795874
0.926614
0.147708
0.508422
0.533880
0.833951
0.256747
0.479746
0.116233
0.803210
0.222337
0.752107
0.896364
0.667401
0.894786
0.689285
0.231616
0.372847
0.264081
0.962736
0.301783
0.294127
0.831864
0.890656
0.252883
0.459380
0.687065
0.788190
0.385970
0.101232
0.810401
0.857388
0.307519
0.754161
0.857196
0.176310
0.513585
0.577823
0.841243
0.607177
0.082793
0.742122
0.348403
0.233210
0.985903
0.635474
0.741834
0.266584
0.595942
0.125018
0.504227
0.913900
0.998811
0.107908
0.960201
0.171766
0.498189
0.971956
0.479748
0.330965
0.323745
0.370852
0.790265
0.046637
0.070275
0.419672
0.951585
0.584242
0.372484
0.790450
0.057371
0.413857
0.453350
0.151876
0.352233
0.405798
0.566835
0.741278
0.828171
0.371653
0.733744
0.239200
0.104487
0.079466
0.061784
0.393016
0.056481
0.025650
0.913418
0.676584
0.021804
0.969839
0.016921
0.621677
0.349296
0.760021
0.118454
0.617665
0.757867
0.864395
0.679565
0.652903
0.764175
0.223411
0.225505
0.795478
0.558406
0.432171
0.976434
0.969532
0.106375
0.303681
0.946377
0.291085
0.978416
0.950657
0.074624
0.741235
0.288635
0.538762
0.705104
0.072382
0.599557
0.431696
0.929415
0.751017
0.562478
0.002262
0.583405
0.356549
0.607792
0.719802
0.002997
0.282977
0.595915
0.823878
0.938957
0.282264
0.846330
0.307252
0.760845
0.069520
0.723899
0.416089
0.199112
0.869126
0.354516
0.152256
0.549966
0.820933
0.779695
0.236725
0.547744
0.757165
0.939347
0.167455
0.184298
0.261758
0.861201
0.768395
0.900970
0.280943
0.045403
0.293174
0.845887
0.922296
0.276045
0.844233
0.880622
0.062119
0.486534
0.130040
0.444854
0.671349
0.899371
0.454278
0.577265
0.113793
0.641350
0.145032
0.451985
0.076602
0.006810
0.555895
0.279225
0.572211
0.713530
0.185445
0.159012
0.213537
0.426436
0.208940
0.733146
0.733850
0.742792
0.861733
0.408202
0.301411
0.465802
0.235066
0.354261
0.521573
0.604849
0.131323
0.169120
0.776320
0.642143
0.959486
0.107273
0.749785
0.507315
0.747738
0.586070
0.063968
0.509279
0.253863
0.964485
0.319927
0.792651
0.810234
0.544584
0.998479
0.698635
0.562016
0.081413
0.082224
0.923320
0.982335
0.378047
0.263531
0.473043
0.245794
0.282044
0.979905
0.788174
0.412934
0.876693
0.519485
0.097789
0.632148
0.893303
0.148057
0.695477
0.206503
0.568642
0.089618
0.887862
0.057831
0.823150
0.404345
0.347671
0.944082
0.029966
0.647364
0.545068
0.337416
0.142364
0.011797
0.841626
0.716503
0.116760
0.924995
0.633569
0.386946
0.377749
0.284022
0.717140
0.130719
0.975691
0.458632
0.949752
0.119891
0.053697
0.392069
0.795127
0.305525
0.467045
0.275573
0.886339
0.065547
0.907618
0.592677
0.604547
0.050050
0.392896
0.600998
0.101270
0.754751
0.024195
0.435049
0.269765
0.099823
0.517193
0.135319
0.674762
0.545369
0.041130
0.707138
0.753599
0.210716
0.726007
0.774937
0.062999
0.176371
0.568576
0.026488
0.556732
0.581725
0.248980
0.488729
0.344330
0.753061
0.660873
0.609363
0.968139
0.476932
0.112011
0.091289
0.379244
0.678315
0.511381
0.935171
0.168030
0.321019
0.639899
0.838721
0.642322
0.675296
0.551981
0.717667
0.368443
0.714266
0.900332
0.533052
0.440189
0.985886
0.046081
0.959872
0.937953
0.288728
0.721406
0.906411
0.253980
0.333462
0.866367
0.580060
0.139031
0.368114
0.738905
0.615275
0.245162
0.127760
0.522218
0.627360
0.572825
0.134506
0.620993
0.657959
0.526140
0.043056
0.354737
0.497880
0.140820
0.180513
0.125317
0.460733
0.234622
0.699861
0.225856
0.460438
0.532037
0.770478
0.451666
0.781983
0.753321
0.821980
0.739828
0.728393
0.034358
0.302645
0.787773
0.532918
0.959264
0.686968
0.280000
0.838934
0.070843
0.186267
0.134462
0.224888
0.997926
0.376982
0.269635
0.540859
0.466401
0.160000
0.336452
0.473418
0.905696
0.994855
0.185412
0.557733
0.471600
0.778470
0.103731
0.772218
0.899550
0.565529
0.254269
0.527821
0.376269
0.165479
0.840738
0.278805
0.742554
0.712130
0.886255
0.792595
0.572663
0.810503
0.749085
0.730289
0.608903
0.587457
0.056388
0.279391
0.783099
0.145046
0.414724
0.217568
0.690261
0.278103
0.053266
0.113246
0.057492
0.827440
0.199799
0.817587
0.853547
0.262770
0.130080
0.910498
0.100628
0.927257
0.078560
0.706472
0.879928
0.447628
0.611479
0.328559
0.258850
0.700296
0.271144
0.362497
0.461463
0.325794
0.417428
0.373334
0.552770
0.387173
0.971451
0.499995
0.185874
0.583571
0.696472
0.886320
0.090656
0.265534
0.604499
0.663369
0.253298
0.242668
0.438522
0.981330
0.891262
0.611063
0.736494
0.089262
0.506298
0.052185
0.269177
0.229236
0.403950
0.531135
0.044005
0.117478
0.063683
0.552121
0.627834
0.816320
0.789127
0.440905
0.538435
0.505611
0.893567
0.373751
0.140465
0.347760
0.306228
0.782159
0.460580
0.527197
0.009882
0.817127
0.612769
0.389703
0.140207
0.463759
0.757118
0.643997
0.386852
0.582605
0.008687
0.705325
0.252391
0.984928
0.354733
0.856563
0.591442
0.075282
0.807137
0.606107
0.135719
0.483616
0.241688
0.950679
0.502729
0.576022
0.405705
0.727073
0.384415
0.371066
0.181031
0.820239
0.048274
0.519779
0.804152
0.947488
0.659510
0.323511
0.525948
0.216680
0.039437
0.587350
0.022628
0.189646
0.526424
0.121402
0.299706
0.141529
0.178487
0.475660
0.711782
0.216282
0.203382
0.062347
0.304926
0.868153
0.403507
0.683232
0.769927
0.262009
0.471268
0.546901
0.012292
0.913747
0.698915
0.518733
0.763875
0.781987
0.224003
0.229220
0.321907
0.746698
0.370268
0.122741
0.871748
0.050426
0.250590
0.214058
0.966734
0.197125
0.635047
0.018011
0.691095
0.976324
0.079734
0.296483
0.678234
0.011446
0.384798
0.929232
0.090048
0.119453
0.294880
0.254716
0.581841
0.045134
0.151292
0.615809
0.656819
0.883367
0.985335
0.072047
0.815998
0.582339
0.261665
0.181734
0.747617
0.965281
0.994425
0.893873
0.386323
0.024786
0.457252
0.337037
0.501094
0.866014
0.533774
0.649999
0.023478
0.935366
0.185977
0.518327
0.844867
0.414453
0.958321
0.114445
0.838794
0.608780
0.617673
0.824620
0.420148
0.605197
0.316512
0.723842
0.493767
0.329458
0.821510
0.361485
0.660851
0.252835
0.774654
0.425069
0.629939
0.216686
0.185443
0.866380
0.440999
0.478069
0.181693
0.899329
0.839188
0.945752
0.367745
0.827076
0.720598
0.515512
0.376986
0.608701
0.025768
0.631524
0.666811
0.162103
0.242370
0.281917
0.784530
0.910562
0.130352
0.784417
0.525036
0.163310
0.944238
0.370443
0.267201
0.291061
0.825034
0.231329
0.355775
0.270328
0.084785
0.219321
0.567651
0.293262
0.644159
0.422979
0.491217
0.914829
0.667948
0.156221
0.252651
0.561323
0.920652
0.822181
0.560366
0.813232
0.967325
0.701449
0.978362
0.078005
0.658916
0.791715
0.484596
0.284012
0.026946
0.104936
0.899914
0.697898
0.110932
0.952767
0.441458
0.686461
0.478258
0.885218
0.042243
0.557397
0.979250
0.488075
0.555657
0.585582
0.737081
0.196369
0.825887
0.478780
0.251728
0.082645
0.676326
0.184153
0.735530
0.567718
0.157772
0.186553
0.243557
0.558779
0.766536
0.947801
0.569434
0.640610
0.716655
0.608662
0.508498
0.037905
0.617442
0.817665
0.964927
0.764385
0.255249
0.706351
0.183240
0.514613
0.909491
0.251556
0.695693
0.109281
0.185473
0.316229
0.752731
0.935214
0.145509
0.361572
0.319131
0.642978
0.998127
0.633489
0.614458
0.730583
0.305258
0.125718
0.438709
0.718557
0.860030
0.869701
0.589956
0.982933
0.557795
0.718956
0.173401
0.422410
0.711262
0.115352
0.626411
0.849669
0.443548
0.271568
0.364832
0.883825
0.612707
0.702454
0.558442
0.437328
0.891463
0.812294
0.238886
0.776799
0.635423
0.496263
0.106627
0.998761
0.694737
0.504630
0.803589
0.514093
0.080248
0.019342
0.225483
0.816660
0.587226
0.878464
0.393034
0.354788
0.854881
0.085416
0.544296
0.474008
0.723983
0.082929
0.841101
0.117983
0.447037
0.683505
0.556442
0.589404
0.629119
0.686438
0.009736
0.836678
0.299058
0.171478
0.351045
0.881444
0.586575
0.953646
0.722403
0.014231
0.480170
0.228121
0.074303
0.660450
0.969756
0.638734
0.371451
0.142725
0.248854
0.983430
0.890743
0.623581
0.227438
0.452497
0.487370
0.748631
0.910015
0.475932
0.331501
0.727990
0.119900
0.725646
0.842135
0.033945
0.034585
0.535059
0.891426
0.028794
0.735867
0.933333
0.321084
0.322844
0.843079
0.278313
0.709864
0.638840
0.651340
0.871170
0.661032
0.831027
0.470422
0.658496
0.262363
0.316724
0.906333
0.242800
0.748745
0.150171
0.714439
0.149476
0.235482
0.593369
0.009394
0.586741
0.878831
0.122082
0.391927
0.020373
0.715068
0.142293
0.426087
0.669901
0.164315
0.346372
0.463947
0.796001
0.065924
0.963086
0.426954
0.222722
0.967594
0.008631
0.502694
0.280013
0.989754
0.209791
0.669570
0.235712
0.779649
0.349263
0.463120
0.072170
0.883897
0.582259
0.295138
0.485272
0.420345
0.809319
0.022729
0.561147
0.499272
0.559002
0.909374
0.497471
0.637440
0.224142
0.687996
0.258657
0.514380
0.809699
0.572719
0.662528
0.803203
0.189198
0.420596
0.747595
0.179563
0.253924
0.404223
0.816648
0.696259
0.509566
0.343572
0.478075
0.626451
0.050386
0.546092
0.153145
0.235140
0.054989
0.343657
0.621486
0.467004
0.533190
0.158031
0.688341
0.004399
0.044540
0.181197
0.475861
0.058415
0.137602
0.726616
0.415012
0.532360
0.948925
0.418626
0.156310
0.087468
0.513717
0.127066
0.010316
0.449983
0.821514
0.033855
0.975990
0.531142
0.957043
0.344693
0.462467
0.498453
0.941419
0.944268
0.605421
0.022659
0.487940
0.821195
0.804667
0.015907
0.845913
0.899418
0.527016
0.212075
0.086040
0.771125
0.189858
0.987110
0.602191
0.767508
0.575391
0.826750
0.725942
0.687404
0.434553
0.082099
0.373564
0.268461
0.986769
0.758202
0.922910
0.788340
0.398680
0.883193
0.706828
0.607164
0.643293
0.833491
0.581859
0.899843
0.358660
0.665985
0.153210
0.046162
0.294066
0.774699
0.016441
0.693384
0.838489
0.011297
0.727277
0.051721
0.764111
0.739805
0.042620
0.199234
0.174070
0.863691
0.665828
0.454367
0.599078
0.765001
0.746471
0.059293
0.534961
0.630277
0.501911
0.079101
0.309421
0.611992
0.256131
0.350003
0.871849
0.000506
0.332990
0.197909
0.304915
0.890258
0.064378
0.941260
0.510654
0.406111
0.529352
0.194647
0.817645
0.118619
0.799506
0.134612
0.712659
0.709031
0.245628
0.080462
0.557305
0.948641
0.109112
0.622310
0.480719
0.112014
0.439782
0.638983
0.565277
0.032945
0.736901
0.268069
0.310838
0.207050
0.372918
0.348264
0.505853
0.437734
0.066884
0.762295
0.932312
0.030853
0.833107
0.509084
0.178555
0.763167
0.601762
0.225170
0.272236
0.827626
0.350389
0.148362
0.669323
0.585378
0.966698
0.700901
0.015815
0.355442
0.407240
0.092197
0.756167
0.489912
0.800044
0.581368
0.609386
0.317412
0.466574
0.516797
0.697193
0.806863
0.949849
0.281450
0.695963
0.795119
0.248438
0.269572
0.533431
0.075981
0.899473
0.677991
0.299105
0.819024
0.270545
0.158457
0.468998
0.112772
0.948456
0.421887
0.023089
0.327431
0.671585
0.122816
0.712975
0.269246
0.779595
0.155327
0.016541
0.909165
0.388076
0.808671
0.983687
0.601992
0.675917
0.009009
0.146165
0.647383
0.231358
0.961262
0.720290
0.750854
0.716236
0.438845
0.812491
0.815923
0.414924
0.802789
0.835438
0.745679
0.425273
0.231532
0.276833
0.691452
0.175856
0.617505
0.326233
0.923597
0.185130
0.307119
0.073518
0.641651
0.138689
0.731526
0.849221
0.450774
0.099931
0.634974
0.901188
0.416106
0.979140
0.264162
0.102259
0.125077
0.188302
0.305802
0.272354
0.759339
0.697694
0.989657
0.968070
0.746683
0.718882
0.620631
0.354042
0.724681
0.902560
0.204707
0.176232
0.048702
0.933687
0.799485
0.322043
0.577860
0.274845
0.888696
0.479362
0.392638
0.258518
0.199419
0.858749
0.456172
0.387681
0.490972
0.017197
0.938424
0.652007
0.481198
0.796734
0.318937
0.303887
0.108023
0.330975
0.744102
0.277682
0.904108
0.035258
0.168856
0.034227
0.819784
0.918542
0.581938
0.996117
0.433321
0.584591
0.639274
0.265544
0.379431
0.326457
0.872025
0.272371
0.311197
0.074073
0.948371
0.955185
0.369073
0.526363
0.944276
0.864419
0.203833
0.815435
0.160344
0.958060
0.539561
0.903203
0.409626
0.687719
0.556821
0.739463
0.920512
0.193337
0.568376
0.978743
0.822190
0.025737
0.792171
0.592124
0.492764
0.006514
0.330579
0.936675
0.684933
0.922057
0.904696
0.001459
0.856169
0.491933
0.410002
0.937197
0.201442
0.389857
0.224943
0.531487
0.922024
0.910390
0.301130
0.563593
0.971458
0.528946
0.080896
0.701361
0.796188
0.927883
0.647835
0.379193
0.625848
0.551545
0.227485
0.910923
0.948303
0.457573
0.668378
0.052360
0.482194
0.064499
0.642594
0.614898
0.451290
0.554974
0.907861
0.252009
0.212866
0.279665
0.638595
0.593367
0.791565
0.637461
0.987252
0.299890
0.841916
0.563199
0.416561
0.115412
0.720877
0.786116
0.395814
0.662448
0.845697
0.904492
0.692030
0.285595
0.506372
0.117942
0.683867
0.945265
0.329545
0.510294
0.343280
0.363957
0.911854
0.067022
0.201041
0.846571
0.920402
0.634154
0.093615
0.298014
0.913995
0.187230
0.582886
0.623645
0.043916
0.734189
0.567526
0.796646
0.244033
0.682861
0.531447
0.930160
0.195124
0.282140
0.384829
0.196179
0.699874
0.390758
0.727819
0.524737
0.067387
0.819675
0.721029
0.586004
0.949144
0.977461
0.049894
0.014569
0.971935
0.608212
0.657027
0.925246
0.463280
0.639662
0.611921
0.292423
0.923323
0.094706
0.520844
0.841515
0.612513
0.950578
0.726598
0.247401
0.109967
0.470063
0.990742
0.446832
0.572132
0.571683
0.087215
0.417537
0.280526
0.382699
0.234092
0.137971
0.462945
0.119961
0.221370
0.425510
0.547110
0.801976
0.328259
0.955156
0.364482
0.456352
0.683369
0.136933
0.840495
0.826318
0.920045
0.825741
0.880664
0.499212
0.734726
0.531356
0.320296
0.819688
0.264485
0.525760
0.400841
0.085578
0.085780
0.729474
0.545484
0.803599
0.466997
0.811464
0.914772
0.290400
0.164833
0.931333
0.472745
0.074629
0.262932
0.732394
0.561257
0.812598
0.649368
0.774236
0.018683
0.041274
0.707175
0.423258
0.390867
0.771444
0.539474
0.370494
0.119225
0.959424
0.960814
0.050450
0.608833
0.384785
0.165469
0.476527
0.155410
0.197900
0.292640
0.950764
0.035339
0.202020
0.231246
0.589870
0.443545
0.107305
0.185278
0.869975
0.785457
0.608147
0.042709
0.707074
0.337318
0.633810
0.636787
0.313466
0.806783
0.807124
0.492040
0.610551
0.473144
0.719075
0.317323
0.537345
0.091074
0.433718
0.353346
0.358470
0.286592
0.320622
0.935324
0.912188
0.010987
0.973875
0.616306
0.017451
0.138355
0.011719
0.108320
0.608169
0.932830
0.253552
0.017191
0.520851
0.574793
0.208317
0.058142
0.376112
0.241192
0.820725
0.405262
0.643669
0.328338
0.552010
0.681001
0.038650
0.009934
0.753355
0.212386
0.050575
0.234075
0.934453
0.887923
0.250014
0.912775
0.466883
0.349958
0.018351
0.971099
0.879829
0.799432
0.382966
0.077965
0.621114
0.396746
0.897603
0.286389
0.037273
0.259366
0.406696
0.917144
0.654808
0.824595
0.486825
0.881305
0.236949
0.425851
0.615952
0.733013
0.118587
0.083422
0.756297
0.169588
0.700856
0.949052
0.019644
0.761407
0.245814
0.525452
0.881696
0.101298
0.293747
0.271608
0.318756
0.940513
0.200683
0.116563
0.106006
0.028490
0.807939
0.281576
0.363469
0.719933
0.227640
0.667097
0.081518
0.077718
0.319783
0.943083
0.941191
0.013489
0.003873
0.100369
0.453318
0.444218
0.575388
0.325554
0.194037
0.512518
0.616426
0.978964
0.164274
0.063526
0.765674
0.573737
0.208721
0.475395
0.732802
0.665903
0.968391
0.854014
0.505928
0.846105
0.438081
0.968782
0.538238
0.761156
0.274229
0.247998
0.360324
0.065125
0.062844
0.881900
0.725532
0.874990
0.602142
0.737702
0.734125
0.222536
0.942429
0.602874
0.403337
0.338000
0.158348
0.669263
0.366861
0.454785
0.041378
0.030376
0.839274
0.145375
0.576017
0.549487
0.903008
0.460214
0.049910
0.826104
0.443666
0.960366
0.167524
0.437381
0.819888
0.320145
0.071975
0.869511
0.959326
0.856493
0.385106
0.845485
0.845612
0.518657
0.789215
0.374702
0.846865
0.697270
0.209850
0.920781
0.856365
0.160305
0.336693
0.105906
0.030054
0.668055
0.304859
0.905175
0.779452
0.599500
0.768594
0.745213
0.558675
0.632421
0.016079
0.069670
0.614273
0.200762
0.088664
0.230092
0.427015
0.225753
0.300982
0.459539
0.183005
0.950082
0.867484
0.616073
0.637778
0.412116
0.801696
0.261587
0.580173
0.703627
0.244128
0.480270
0.712421
0.794292
0.167934
0.347900
0.731949
0.904368
0.210294
0.525591
0.768935
0.157812
0.731415
0.123325
0.490321
0.300537
0.101778
0.787699
0.115646
0.841028
0.198841
0.250329
0.170677
0.313372
0.115683
0.502838
0.502159
0.765032
0.394254
0.136291
0.470929
0.726305
0.707852
0.048920
0.595996
0.729920
0.660577
0.918670
0.317803
0.867170
0.697750
0.755475
0.252047
0.116686
0.772138
0.280876
0.624884
0.970075
0.100257
0.030180
0.876548
0.789414
0.926252
0.880411
0.047094
0.622929
0.617589
0.651158
0.449456
0.914285
0.563289
0.221261
0.382046
0.520907
0.151979
0.964207
0.682334
0.521591
0.240426
0.167611
0.081198
0.666451
0.083972
0.444428
0.451125
0.741737
0.097397
0.653712
0.981902
0.609419
0.041330
0.287143
0.206812
0.476099
0.997879
0.504154
0.916013
0.914633
0.988214
0.658476
0.303314
0.856004
0.065874
0.929072
0.021385
0.037420
0.306059
0.172307
0.384439
0.728316
0.382034
0.914218
0.451538
0.383934
0.039521
0.048860
0.413279
0.624772
0.647474
0.431224
0.296167
0.677424
0.634165
0.643816
0.508079
0.669800
0.604603
0.952227
0.912869
0.224742
0.646441
0.784176
0.818478
0.413275
0.240698
0.199440
0.162540
0.759577
0.013154
0.687370
0.775525
0.622064
0.941187
0.887806
0.794387
0.224816
0.241873
0.913826
0.592389
0.375962
0.929373
0.038144
0.524869
0.863862
0.386638
0.716623
0.908401
0.232232
0.456489
0.703645
0.603509
0.324097
0.393175
0.428488
0.200599
0.933919
0.658583
0.101413
0.914107
0.550159
0.363198
0.736184
0.302734
0.492193
0.245462
0.362906
0.395470
0.164090
0.936025
0.119504
0.622235
0.970190
0.934172
0.964271
0.478329
0.066958
0.195303
0.817853
0.936959
0.905127
0.495135
0.063021
0.252472
0.858502
0.084233
0.679390
0.704478
0.072115
0.465536
0.986929
0.555620
0.285393
0.794436
0.180878
0.690878
0.650203
0.759578
0.962360
0.814898
0.176373
0.635393
0.024527
0.033404
0.061158
0.902972
0.853265
0.247010
0.795424
0.812689
0.513871
0.161894
0.342358
0.818444
0.671676
0.967939
0.622105
0.381025
0.943202
0.096094
0.762044
0.443587
0.315158
0.067420
0.328845
0.472337
0.213904
0.417817
0.499702
0.687409
0.787420
0.548247
0.758679
0.408246
0.606806
0.623605
0.756967
0.984159
0.110749
0.003176
0.875565
0.715242
0.424973
0.192878
0.352477
0.260215
0.307134
0.225474
0.878973
0.574829
0.803634
0.427315
0.022163
0.947883
0.862306
0.638884
0.518600
0.242263
0.905002
0.717897
0.699486
0.602329
0.403502
0.343351
0.022582
0.671757
0.059998
0.146713
0.432588
0.764381
0.012432
0.965354
0.757391
0.682786
0.674971
0.772349
0.639010
0.172053
0.878904
0.315995
0.636444
0.078471
0.830135
0.765587
0.749357
0.461396
0.466617
0.859234
0.822553
0.853019
0.235676
0.871980
0.500045
0.527725
0.467552
0.980471
0.963464
0.333979
0.822866
0.988909
0.481757
0.077152
0.799849
0.587373
0.064809
0.619926
0.565759
0.135721
0.276048
0.236189
0.365164
0.558747
0.066684
0.493695
0.660249
0.232139
0.111000
0.520509
0.261114
0.810251
0.068534
0.062734
0.922082
0.169959
0.615370
0.961379
0.549818
0.539488
0.046677
0.939621
0.503175
0.530840
0.228489
0.289512
0.659231
0.976882
0.819450
0.410768
0.523515
0.715712
0.156491
0.984583
0.697216
0.759070
0.275474
0.851124
0.283434
0.472649
0.466657
0.917005
0.913596
0.400024
0.872643
0.974580
0.155740
0.535042
0.867382
0.462354
0.033981
0.031790
0.220617
0.324384
0.741732
0.930160
0.309194
0.191897
0.741053
0.382516
0.689221
0.509853
0.929902
0.008767
0.564520
0.215470
0.167398
0.702859
0.730293
0.501395
0.945693
0.161767
0.778721
0.596067
0.982294
0.158367
0.600709
0.983695
0.043014
0.051743
0.530613
0.860951
0.560302
0.752262
0.915438
0.762620
0.342607
0.462606
0.824346
0.061482
0.882377
0.978156
0.760499
0.064212
0.506651
0.701451
0.531370
0.184367
0.626213
0.110283
0.743388
0.451391
0.554576
0.892535
0.849274
0.042848
0.496710
0.357369
0.625570
0.351317
0.142507
0.334743
0.483243
0.346535
0.896683
0.317175
0.720225
0.568671
0.432563
0.163431
0.418725
0.029564
0.503004
0.292394
0.889223
0.760795
0.691507
0.280325
0.837233
0.750693
0.207265
0.218497
0.922174
0.824086
0.903865
0.501699
0.408548
0.572184
0.304269
0.118584
0.944394
0.957012
0.639748
0.793895
0.771384
0.005554
0.929632
0.081216
0.131886
0.639106
0.951624
0.336361
0.073569
0.294410
0.225469
0.173713
0.746960
0.491087
0.334764
0.215922
0.820657
0.270678
0.659470
0.037631
0.010389
0.154605
0.441003
0.442622
0.268024
0.667653
0.511555
0.098025
0.514371
0.322612
0.542440
0.624811
0.583498
0.306693
0.857250
0.929981
0.956682
0.319336
0.419772
0.050578
0.997978
0.101690
0.839407
0.096006
0.006751
0.268839
0.461091
0.769624
0.828655
0.748649
0.598490
0.708054
0.363515
0.893860
0.435321
0.471083
0.340005
0.109769
0.853397
0.873195
0.559469
0.624010
0.573362
0.493665
0.776643
0.293961
0.914609
0.930306
0.642701
0.708214
0.527273
0.881962
0.453031
0.726700
0.226578
0.976942
0.510768
0.947430
0.994585
0.986147
0.670741
0.646362
0.435022
0.726990
0.225208
0.000514
0.585583
0.635389
0.041760
0.751103
0.961984
0.270127
0.828997
0.034805
0.922446
0.148703
0.308550
0.678536
0.817841
0.499945
0.840729
0.161695
0.934029
0.917957
0.161065
0.676666
0.897105
0.144749
0.352302
0.068710
0.678910
0.180059
0.442834
0.391576
0.402149
0.922183
0.202255
0.142835
0.425567
0.211311
0.658357
0.300818
0.738829
0.012212
0.816511
0.071310
0.975742
0.791429
0.172373
0.564919
0.857625
0.039926
0.278032
0.454848
0.699455
0.225648
0.388424
0.913274
0.684858
0.959109
0.526085
0.996790
0.820312
0.863238
0.862801
0.251797
0.915258
0.887072
0.213143
0.439261
0.551706
0.909839
0.392670
0.844229
0.517951
0.485783
0.104116
0.545864
0.756575
0.010360
0.104657
0.013122
0.404528
0.723840
0.261821
0.713653
0.220869
0.903902
0.473302
0.639011
0.551470
0.254296
0.578934
0.268823
0.963557
0.238721
0.867336
0.553333
0.130390
0.838018
0.439768
0.038784
0.675163
0.465912
0.048287
0.586324
0.681412
0.708457
0.324686
0.595855
0.473398
0.456872
0.422714
0.990522
0.186062
0.912193
0.880212
0.443397
0.557199
0.677144
0.889452
0.653840
0.858383
0.831210
0.608399
0.155171
0.977805
0.869325
0.501504
0.086278
0.344194
0.869539
0.635161
0.038998
0.287475
0.261072
0.564586
0.535266
0.134570
0.930723
0.793540
0.350937
0.585832
0.594578
0.465522
0.208272
0.887217
0.688031
0.958962
0.714737
0.306562
0.998315
0.912865
0.600678
0.450029
0.597824
0.582806
0.964943
0.435448
0.755975
0.844323
0.460686
0.395846
0.376958
0.460704
0.784567
0.176383
0.356120
0.816463
0.142386
0.026385
0.455059
0.483533
0.595764
0.934583
0.319951
0.940803
0.510445
0.083835
0.983150
0.091627
0.626618
0.550598
0.034809
0.651777
0.583582
0.793858
0.923222
0.217190
0.598884
0.435362
0.291125
0.200015
0.068003
0.214264
0.070353
0.198723
0.528619
0.264149
0.712550
0.044503
0.676172
0.789832
0.383419
0.309190
0.030061
0.604508
0.800633
0.318442
0.054706
0.217958
0.000285
0.627563
0.512211
0.087274
0.208984
0.520893
0.916166
0.611502
0.484659
0.548726
0.718987
0.487723
0.069725
0.864276
0.075784
0.435613
0.451415
0.401455
0.654651
0.079975
0.056960
0.251348
0.485710
0.510525
0.211020
0.871996
0.712483
0.582688
0.959770
0.703386
0.170768
0.047270
0.573402
0.500941
0.560332
0.718642
0.801438
0.199802
0.835538
0.022300
0.868984
0.742688
0.466517
0.851751
0.386170
0.479422
0.314874
0.270657
0.774390
0.232801
0.682997
0.403205
0.871185
0.047331
0.915354
0.443172
0.139121
0.865805
0.477204
0.441162
0.772692
0.085270
0.139083
0.605591
0.765729
0.332722
0.171661
0.933161
0.004512
0.382276
0.005167
0.194291
0.194982
0.707347
0.860526
0.240271
0.003636
0.535658
0.866719
0.817891
0.169511
0.290587
0.477594
0.922514
0.352394
0.525487
0.418980
0.583960
0.472811
0.426111
0.440489
0.469682
0.956550
0.199747
0.616273
0.477858
0.600212
0.659005
0.137806
0.073507
0.768585
0.311071
0.229050
0.724432
0.498705
0.667968
0.027811
0.172552
0.145589
0.334889
0.606073
0.124118
0.662383
0.047605
0.366735
0.484808
0.963291
0.152150
0.797862
0.741310
0.909687
0.673660
0.516612
0.646155
0.853060
0.797596
0.941427
0.332709
0.942493
0.204354
0.097106
0.339009
0.878792
0.038727
0.309826
0.971925
0.770215
0.828984
0.509451
0.442897
0.791072
0.410822
0.486967
0.418154
0.914163
0.074049
0.470378
0.931145
0.278514
0.996202
0.455854
0.706016
0.153428
0.484375
0.255069
0.985673
0.268968
0.533710
0.397189
0.928295
0.130935
0.899550
0.791094
0.784046
0.440734
0.131200
0.374187
0.487549
0.765816
0.985248
0.798392
0.288583
0.778237
0.848196
0.980893
0.781156
0.797176
0.121142
0.511403
0.936393
0.533427
0.686045
0.346004
0.160972
0.604992
0.091722
0.075007
0.739711
0.921821
0.475454
0.216099
0.453674
0.228193
0.749845
0.314830
0.408522
0.647431
0.944889
0.664234
0.797264
0.717913
0.042038
0.420995
0.696263
0.500227
0.666525
0.109905
0.131550
0.475177
0.716183
0.962282
0.743102
0.536318
0.029661
0.097096
0.060611
0.097183
0.812650
0.554706
0.883261
0.656085
0.919558
0.623659
0.103416
0.180451
0.654028
0.288371
0.396899
0.585121
0.813611
0.989366
0.856569
0.925773
0.886277
0.678132
0.008366
0.819323
0.434769
0.112591
0.516995
0.185095
0.806615
0.284076
0.930182
0.843362
0.515162
0.527180
0.599554
0.540949
0.466716
0.755368
0.553298
0.923816
0.258836
0.309852
0.947076
0.352845
0.338605
0.053381
0.927115
0.425592
0.530193
0.101751
0.415659
0.615577
0.287019
0.183399
0.945635
0.550172
0.981958
0.997974
0.132491
0.682726
0.488753
0.050910
0.734295
0.846898
0.272057
0.894235
0.515862
0.640185
0.880757
0.717237
0.531195
0.789700
0.117161
0.942188
0.123917
0.042151
0.330871
0.436732
0.163684
0.660526
0.881267
0.574282
0.141143
0.061689
0.588249
0.771722
0.485837
0.632597
0.849096
0.876210
0.699698
0.404639
0.539617
0.757479
0.903103
0.893200
0.060798
0.681499
0.340975
0.245667
0.872794
0.222410
0.407907
0.188357
0.298512
0.505345
0.021258
0.658163
0.249341
0.228560
0.416824
0.684837
0.387461
0.843754
0.534864
0.090884
0.290408
0.752127
0.079869
0.280770
0.635196
0.033294
0.881508
0.267678
0.151625
0.779340
0.189259
0.746564
0.207628
0.123604
0.916741
0.193259
0.832613
0.894185
0.016585
0.088442
0.065326
0.245346
0.232773
0.097874
0.966334
0.244436
0.526508
0.023604
0.814626
0.090300
0.480030
0.728922
0.520597
0.382119
0.289417
0.089654
0.178002
0.505564
0.715352
0.680697
0.425443
0.452528
0.441375
0.734416
0.113068
0.928743
0.952250
0.164320
0.780773
0.524163
0.446645
0.961051
0.058750
0.748402
0.755170
0.209261
0.036721
0.983451
0.902485
0.333834
0.674682
0.335817
0.754075
0.074972
0.750429
0.894455
0.865337
0.187255
0.102765
0.960704
0.463260
0.683347
0.269925
0.492177
0.442332
0.749365
0.748431
0.686279
0.187478
0.537355
0.455000
0.322031
0.787314
0.290341
0.111313
0.343362
0.419568
0.415544
0.536869
0.410661
0.483730
0.980881
0.991687
0.179599
0.476610
0.741941
0.687562
0.638558
0.779086
0.584311
0.760627
0.986616
0.641107
0.978750
0.633143
0.149878
0.870759
0.816496
0.373776
0.009438
0.790646
0.563992
0.731991
0.119135
0.057612
0.680667
0.808430
0.782180
0.984986
0.156878
0.561002
0.359367
0.201854
0.397104
0.570123
0.755741
0.372120
0.838976
0.261141
0.015427
0.414727
0.156622
0.104407
0.587421
0.334800
0.938374
0.235490
0.662363
0.086542
0.804344
0.427412
0.623228
0.879819
0.287647
0.754265
0.846174
0.730578
0.721603
0.881333
0.443040
0.130990
0.781534
0.981562
0.715294
0.112559
0.468179
0.579724
0.854357
0.521791
0.861643
0.248064
0.429888
0.340240
0.098584
0.890403
0.612746
0.124900
0.220070
0.419089
0.163666
0.307606
0.993941
0.650608
0.654478
0.388975
0.948456
0.361970
0.248259
0.889609
0.241558
0.239114
0.694375
0.973260
0.936422
0.335116
0.550086
0.682108
0.980381
0.446162
0.505115
0.081373
0.117560
0.380901
0.048709
0.357612
0.465712
0.824553
0.627337
0.350228
0.304626
0.040928
0.656131
0.703365
0.669669
0.192843
0.382983
0.314178
0.797271
0.159991
0.541568
0.822184
0.526869
0.037424
0.944551
0.717966
0.010468
0.356571
0.709765
0.962576
0.512197
0.277109
0.041019
0.984608
0.572731
0.132545
0.979763
0.587291
0.249775
0.660838
0.985328
0.997455
0.187904
0.122666
0.627103
0.840815
0.677848
0.917463
0.288804
0.787715
0.526644
0.764639
0.670259
0.513038
0.538011
0.613012
0.552681
0.678599
0.821063
0.765677
0.603826
0.036717
0.250763
0.153955
0.907000
0.729475
0.180358
0.470026
0.211511
0.008766
0.313483
0.907392
0.784530
0.983944
0.372958
0.553759
0.214028
0.078927
0.161539
0.234194
0.650773
0.493400
0.660364
0.763894
0.879942
0.055654
0.124876
0.343277
0.883844
0.889130
0.230030
0.122438
0.584115
0.158468
0.429079
0.783427
0.736901
0.881135
0.697079
0.903672
0.969974
0.291964
0.147996
0.188130
0.940982
0.605589
0.584538
0.637334
0.696011
0.449462
0.841858
0.140775
0.952577
0.488012
0.073658
0.726676
0.336914
0.016507
0.145272
0.741643
0.461194
0.110396
0.932322
0.337789
0.098964
0.682501
0.378426
0.712329
0.689834
0.429543
0.142012
0.838335
0.896367
0.253845
0.323647
0.499762
0.596564
0.576606
0.903198
0.657220
0.826687
0.414241
0.292661
0.792970
0.182291
0.554252
0.737818
0.067386
0.759142
0.305819
0.796112
0.976117
0.993856
0.921564
0.201227
0.591964
0.459252
0.357568
0.961256
0.389491
0.660162
0.246908
0.725821
0.532164
0.143375
0.222850
0.377482
0.023822
0.057515
0.161469
0.095329
0.214186
0.658284
0.085621
0.579985
0.404980
0.797182
0.319063
0.824312
0.507967
0.814094
0.767423
0.766882
0.817879
0.713563
0.028508
0.350796
0.164335
0.210223
0.979417
0.201563
0.041314
0.146742
0.626438
0.969442
0.202273
0.133443
0.106574
0.075778
0.987775
0.019820
0.795988
0.083632
0.347848
0.397816
0.465413
0.241123
0.176330
0.891000
0.481370
0.966161
0.321989
0.848349
0.800585
0.667047
0.774366
0.344202
0.318547
0.065460
0.867410
0.063488
0.460597
0.445043
0.261927
0.958270
0.641528
0.094803
0.924363
0.048880
0.140338
0.256654
0.187600
0.014157
0.139794
0.045018
0.093633
0.724820
0.350292
0.398385
0.223998
0.355516
0.084934
0.411513
0.288118
0.828784
0.554232
0.973307
0.271903
0.346065
0.809130
0.529566
0.160152
0.728450
0.869291
0.070704
0.780262
0.401401
0.746120
0.017612
0.182733
0.959944
0.734447
0.589798
0.101579
0.881235
0.694345
0.169988
0.665186
0.676145
0.933622
0.799759
0.129609
0.084202
0.091049
0.293455
0.157385
0.093061
0.980106
0.321121
0.308105
0.228624
0.934278
0.322754
0.125712
0.316970
0.281713
0.325178
0.536261
0.846416
0.140290
0.723970
0.490091
0.554692
0.401369
0.376512
0.720411
0.182376
0.761968
0.188538
0.174166
0.701290
0.410897
0.420976
0.337810
0.311352
0.155423
0.115936
0.815130
0.562164
0.679110
0.067102
0.491354
0.138553
0.641331
0.509495
0.174114
0.004673
0.281215
0.876307
0.004909
0.243708
0.845686
0.212993
0.003455
0.778684
0.729325
0.481561
0.036364
0.956711
0.825697
0.561147
0.676991
0.540406
0.599268
0.244368
0.915725
0.977769
0.854619
0.922227
0.743878
0.802712
0.516411
0.042827
0.391584
0.821383
0.076019
0.631020
0.541762
0.524568
0.588140
0.868702
0.954342
0.382638
0.338106
0.548071
0.888414
0.446647
0.616617
0.503057
0.090060
0.508650
0.353485
0.306892
0.811096
0.222440
0.640391
0.903100
0.151233
0.451847
0.427940
0.175309
0.100318
0.649120
0.673063
0.409475
0.976618
0.361091
0.241817
0.932320
0.003806
0.338801
0.290272
0.709440
0.046817
0.483312
0.564898
0.849252
0.381195
0.786610
0.650550
0.414499
0.058322
0.810755
0.443572
0.339397
0.282578
0.488084
0.937099
0.207795
0.099843
0.791135
0.965663
0.182771
0.319380
0.331753
0.311627
0.057280
0.543681
0.239211
0.970307
0.792285
0.124004
0.681164
0.477030
0.615310
0.810146
0.308221
0.546833
0.503861
0.865223
0.487451
0.659869
0.544891
0.618610
0.634375
0.159343
0.624380
0.695112
0.017454
0.408943
0.112747
0.072537
0.903840
0.432971
0.812720
0.575067
0.179911
0.679001
0.469243
0.766267
0.055408
0.499761
0.533044
0.204113
0.843805
0.765431
0.762369
0.764194
0.972853
0.286955
0.215325
0.573195
0.883913
0.845477
0.137452
0.895262
0.128846
0.236811
0.147354
0.160002
0.112254
0.084875
0.751165
0.826608
0.573331
0.003981
0.274747
0.128894
0.834980
0.755807
0.972796
0.821122
0.545852
0.268302
0.532059
0.568490
0.582052
0.147622
0.690685
0.017414
0.408808
0.349324
0.081201
0.800516
0.287637
0.869376
0.022106
0.268124
0.958863
0.888511
0.187366
0.921011
0.704492
0.332367
0.232150
0.659192
0.788793
0.153331
0.286031
0.922991
0.242541
0.695407
0.982865
0.930796
0.804509
0.932650
0.194077
0.885493
0.865162
0.437989
0.772197
0.016874
0.893008
0.499696
0.070892
0.306203
0.357375
0.714855
0.539468
0.639343
0.241240
0.897952
0.057853
0.722068
0.833672
0.584578
0.633214
0.666859
0.777853
0.123911
0.588634
0.441147
0.455755
0.500999
0.742800
0.198739
0.089042
0.949025
0.976352
0.464403
0.769138
0.114487
0.318969
0.232144
0.749003
0.380392
0.065445
0.320510
0.740226
0.443025
0.391181
0.690784
0.873912
0.039543
0.405451
0.082536
0.574876
0.061400
0.658934
0.628604
0.415416
0.372787
0.532465
0.394734
0.528613
0.047232
0.053533
0.805671
0.586311
0.580699
0.249962
0.977254
0.817168
0.787539
0.870614
0.884038
0.805531
0.555842
0.516205
0.076336
0.065103
0.855792
0.812907
0.075973
0.299911
0.796430
0.232367
0.674397
0.366665
0.090342
0.219520
0.100674
0.368195
0.521608
0.706543
0.199353
0.998702
0.604721
0.050917
0.177706
0.225247
0.257080
0.390470
0.288548
0.325247
0.309107
0.226653
0.178046
0.196210
0.447799
0.108261
0.179688
0.846213
0.338200
0.000523
0.575370
0.447241
0.767425
0.778088
0.689692
0.322179
0.029911
0.731512
0.346987
0.028223
0.253865
0.195645
0.317008
0.274978
0.789674
0.697641
0.522900
0.954574
0.191886
0.039678
0.661245
0.765145
0.415088
0.393871
0.513006
0.613721
0.240026
0.373610
0.525095
0.904533
0.220777
0.679812
0.347149
0.696333
0.433524
0.057443
0.610383
0.323347
0.680883
0.120588
0.156329
0.178657
0.243683
0.679535
0.759021
0.101824
0.686244
0.034259
0.628791
0.421193
0.575650
0.262066
0.236424
0.156648
0.605265
0.205117
0.669728
0.204000
0.996939
0.161071
0.144901
0.898089
0.953280
0.646388
0.690697
0.577910
0.375121
0.476190
0.048304
0.822515
0.167568
0.608716
0.678075
0.246114
0.920248
0.232743
0.587613
0.765697
0.096911
0.622964
0.450430
0.091542
0.802916
0.847039
0.381842
0.476961
0.812536
0.773953
0.987351
0.665625
0.221786
0.226863
0.925661
0.128913
0.146308
0.333468
0.006559
0.637196
0.291991
0.179548
0.326894
0.097703
0.734749
0.478468
0.101748
0.314850
0.719159
0.084486
0.710299
0.422885
0.415077
0.781626
0.113997
0.812047
0.225764
0.105453
0.351175
0.523169
0.680819
0.659200
0.602665
0.173982
0.206513
0.966644
0.563352
0.103985
0.825122
0.281574
0.266165
0.733056
0.905434
0.992232
0.701926
0.272442
0.995506
0.877546
0.992985
0.919994
0.472644
0.427693
0.699054
0.902146
0.200194
0.761274
0.210122
0.768495
0.571011
0.853707
0.776129
0.327841
0.150669
0.054363
0.303350
0.228674
0.676438
0.560629
0.478676
0.449834
0.928069
0.591237
0.655273
0.514480
0.620460
0.499610
0.023962
0.334112
0.688128
0.965112
0.206957
0.013232
0.649889
0.879756
0.870223
0.001690
0.940366
0.566849
0.408170
0.821922
0.949517
0.208347
0.976042
0.585746
0.539640
0.479500
0.930665
0.871731
0.713265
0.687795
0.132728
0.881779
0.509771
0.283457
0.264979
0.762910
0.709977
0.695769
0.074739
0.850190
0.208094
0.505016
0.615007
0.105449
0.157058
0.911760
0.036535
0.630420
0.371084
0.460217
0.586169
0.375801
0.779643
0.245541
0.091111
0.515103
0.320772
0.206075
0.896866
0.292412
0.043705
0.684244
0.790122
0.878160
0.511997
0.804415
0.981939
0.111789
0.503387
0.159784
0.354417
0.793534
0.337179
0.606931
0.392864
0.298162
0.344169
0.768847
0.297615
0.510749
0.472801
0.705395
0.871181
0.086140
0.976187
0.303421
0.122812
0.535400
0.259105
0.364038
0.208522
0.788949
0.302484
0.250442
0.704804
0.807426
0.206699
0.577947
0.612528
0.572547
0.297664
0.773736
0.289882
0.734677
0.951468
0.450956
0.787154
0.807978
0.748658
0.592319
0.205124
0.301934
0.456282
0.845271
0.948886
0.613807
0.597206
0.311019
0.696680
0.096868
0.102434
0.466850
0.867718
0.998745
0.137635
0.017807
0.990809
0.259163
0.855523
0.464233
0.390707
0.848623
0.058114
0.555591
0.051711
0.387322
0.507393
0.376736
0.950023
0.247872
0.843281
0.217899
0.735033
0.737463
0.011774
0.055935
0.708204
0.913553
0.714250
0.764518
0.199920
0.344237
0.373754
0.682184
0.694162
0.698094
0.367499
0.217883
0.959612
0.560588
0.774926
0.374032
0.699141
0.004853
0.630760
0.955019
0.924833
0.368756
0.585439
0.434936
0.593369
0.817043
0.318828
0.798399
0.797571
0.810399
0.203635
0.555628
0.720078
0.927073
0.562450
0.781277
0.262792
0.659623
0.938488
0.445312
0.597459
0.430112
0.448121
0.832382
0.517611
0.766311
0.350621
0.026432
0.998718
0.772158
0.327498
0.137113
0.572225
0.791603
0.737567
0.271285
0.889893
0.071268
0.280709
0.061247
0.272652
0.455591
0.284099
0.333934
0.529920
0.628085
0.496730
0.432748
0.055288
0.576398
0.209832
0.478601
0.032610
0.257677
0.232467
0.165553
0.741563
0.721718
0.830407
0.109585
0.051851
0.545243
0.005323
0.888757
0.283919
0.172020
0.584122
0.636384
0.672627
0.172266
0.080880
0.144416
0.924670
0.349184
0.688969
0.615404
0.579810
0.841652
0.571386
0.827015
0.043473
0.546390
0.165095
0.110696
0.417256
0.935501
0.462956
0.870160
0.812549
0.037854
0.643575
0.130025
0.440855
0.984493
0.592158
0.148080
0.826604
0.567406
0.410742
0.051249
0.527612
0.637552
0.096082
0.402054
0.288120
0.582723
0.630830
0.943200
0.241143
0.482818
0.739200
0.844452
0.174167
0.552787
0.864834
0.674149
0.628269
0.211493
0.409707
0.489066
0.279922
0.615470
0.331838
0.175803
0.986362
0.342489
0.726805
0.395683
0.470644
0.117703
0.716931
0.174642
0.463737
0.742126
0.086827
0.321272
0.781112
0.945137
0.408342
0.035815
0.408600
0.528608
0.049215
0.967477
0.664127
0.534856
0.524873
0.726257
0.194491
0.699237
0.344320
0.090881
0.009372
0.228635
0.820535
0.719526
0.186398
0.681739
0.142027
0.761770
0.034895
0.153323
0.530052
0.535538
0.807933
0.780602
0.072070
0.966325
0.679834
0.148208
0.868441
0.159526
0.560493
0.040442
0.121132
0.430418
0.088183
0.305282
0.406838
0.135884
0.880876
0.154545
0.831790
0.633785
0.241343
0.511992
0.269488
0.059240
0.969937
0.728069
0.251877
0.241592
0.563032
0.472370
0.723033
0.124790
0.812418
0.561341
0.701007
0.327915
0.460872
0.500191
0.408959
0.070024
0.542950
0.363425
0.877163
0.094491
0.385075
0.816904
0.688944
0.037318
0.931722
0.010087
0.106695
0.199777
0.484611
0.736024
0.046708
0.574995
0.584470
0.836988
0.007774
0.450913
0.396790
0.189599
0.266976
0.983886
0.513922
0.299201
0.116357
0.321393
0.696806
0.005369
0.675021
0.367211
0.564058
0.721123
0.664325
0.824335
0.841681
0.235107
0.938222
0.420653
0.553771
0.102453
0.209305
0.442352
0.420611
0.978164
0.417067
0.387867
0.195999
0.478657
0.004842
0.453114
0.864382
0.418561
0.192743
0.754749
0.618139
0.809370
0.268394
0.989382
0.765996
0.223563
0.170033
0.015599
0.333423
0.912452
0.368644
0.748142
0.665336
0.452137
0.381847
0.380526
0.733398
0.418595
0.764497
0.162049
0.397059
0.630623
0.712436
0.938380
0.584585
0.665935
0.334756
0.923543
0.999342
0.385579
0.986841
0.644868
0.150658
0.247606
0.404314
0.224405
0.681070
0.576996
0.657192
0.386394
0.866208
0.563650
0.426400
0.870568
0.203753
0.019224
0.336968
0.130523
0.371051
0.160924
0.651137
0.326738
0.569563
0.725714
0.745847
0.121067
0.937225
0.323887
0.519375
0.642165
0.660068
0.159059
0.064673
0.305286
0.335422
0.202555
0.795586
0.654188
0.173541
0.147976
0.878405
0.552067
0.592618
0.302827
0.718185
0.059149
0.505161
0.178064
0.370471
0.782036
0.577096
0.091721
0.277974
0.368915
0.767857
0.690125
0.222542
0.480946
0.235509
0.297390
0.815364
0.134618
0.019493
0.843073
0.573557
0.776502
0.358681
0.523335
0.112278
0.523423
0.147725
0.812342
0.955741
0.963856
0.105222
0.557994
0.599794
0.977669
0.211799
0.588284
0.945851
0.008928
0.437527
0.117065
0.427953
0.939357
0.336748
0.115984
0.131483
0.527012
0.950365
0.524855
0.085184
0.386864
0.102908
0.059339
0.726796
0.466165
0.307781
0.875127
0.012950
0.028696
0.566184
0.157883
0.011529
0.239957
0.371775
0.369199
0.246802
0.953686
0.218534
0.579591
0.230981
0.351392
0.440387
0.127738
0.223099
0.711872
0.387684
0.550697
0.501949
0.350741
0.995210
0.167630
0.952007
0.198223
0.527308
0.231769
0.884405
0.495359
0.707772
0.121844
0.930895
0.279374
0.530032
0.719506
0.619970
0.194370
0.430435
0.298799
0.071526
0.319510
0.762976
0.550746
0.347979
0.028518
0.543135
0.503897
0.286973
0.680293
0.084011
0.039747
0.820787
0.453619
0.861439
0.248633
0.111916
0.533157
0.699649
0.805687
0.625367
0.799336
0.605566
0.160633
0.432938
0.391745
0.361312
0.830022
0.104111
0.181267
0.742097
0.000613
0.853153
0.024867
0.745031
0.948409
0.819665
0.538900
0.550978
0.604743
0.504256
0.477409
0.403840
0.385146
0.130525
0.834895
0.714960
0.056351
0.623995
0.038807
0.012481
0.739423
0.817071
0.543667
0.959754
0.784902
0.268321
0.172723
0.131140
0.246223
0.478271
0.810858
0.782653
0.739616
0.909833
0.387836
0.929858
0.827039
0.396709
0.307488
0.259559
0.717183
0.159900
0.450041
0.869255
0.710822
0.704760
0.997299
0.367080
0.894059
0.149362
0.426298
0.171207
0.774233
0.550343
0.731420
0.394545
0.312610
0.856676
0.592850
0.910275
0.137932
0.206338
0.150612
0.785943
0.703503
0.333119
0.455348
0.022992
0.414657
0.143535
0.855539
0.254668
0.791918
0.506060
0.295971
0.344220
0.265685
0.692699
0.286651
0.630323
0.215508
0.832905
0.323814
0.239414
0.854719
0.268837
0.111878
0.691017
0.913021
0.571708
0.306706
0.648635
0.193485
0.778598
0.819976
0.312022
0.176371
0.477367
0.262794
0.207513
0.944184
0.590567
0.914735
0.263073
0.244665
0.832720
0.858000
0.736854
0.205672
0.979177
0.231093
0.824673
0.140042
0.245742
0.345899
0.483033
0.680743
0.487594
0.838217
0.923233
0.299593
0.454474
0.737309
0.589124
0.165314
0.175666
0.671522
0.357742
0.806745
0.817449
0.063934
0.317263
0.052509
0.024615
0.611046
0.995242
0.030215
0.667418
0.549993
0.764182
0.051553
0.796875
0.497091
0.728056
0.355405
0.099934
0.829020
0.914489
0.543711
0.847534
0.913099
0.216247
0.373483
0.584159
0.788949
0.254103
0.815186
0.610156
0.817441
0.610297
0.220929
0.750528
0.843765
0.220476
0.433597
0.271116
0.572217
0.660268
0.939629
0.038509
0.592767
0.210592
0.464716
0.358661
0.395368
0.193781
0.737386
0.443594
0.690667
0.121078
0.998535
0.838154
0.918081
0.222484
0.742848
0.586288
0.078803
0.743568
0.881182
0.806732
0.788509
0.423185
0.607506
0.303523
0.502654
0.856033
0.586533
0.571940
0.346305
0.431162
0.120994
0.385536
0.438635
0.164560
0.975531
0.116296
0.546828
0.789935
0.510300
0.238127
0.060791
0.514143
0.251363
0.563802
0.136990
0.630793
0.874738
0.307146
0.916506
0.127615
0.184376
0.656077
0.179392
0.469333
0.842993
0.740823
0.349856
0.437418
0.841050
0.897774
0.864763
0.904920
0.930433
0.991509
0.197936
0.369488
0.942797
0.025424
0.420532
0.888235
0.321710
0.499853
0.110503
0.545571
0.813177
0.153521
0.971913
0.917442
0.538214
0.187321
0.910919
0.429604
0.220828
0.032130
0.462519
0.007097
0.531376
0.455796
0.782681
0.640476
0.900509
0.193450
0.048348
0.387384
0.600191
0.160433
0.256157
0.864826
0.336865
0.620006
0.781226
0.667228
0.468291
0.182001
0.133996
0.407561
0.623037
0.808915
0.780159
0.354187
0.151934
0.891460
0.851048
0.257840
0.079399
0.038972
0.664129
0.022782
0.434798
0.819974
0.103188
0.842071
0.724015
0.211285
0.091834
0.055283
0.903620
0.240615
0.532270
0.779446
0.019182
0.583883
0.346884
0.878667
0.384965
0.001892
0.416868
0.271987
0.481000
0.070241
0.942625
0.134770
0.722436
0.300456
0.244920
0.115271
0.783351
0.217866
0.818957
0.270242
0.237193
0.042770
0.820439
0.420130
0.308703
0.979110
0.848639
0.906276
0.259864
0.825780
0.887546
0.148229
0.754001
0.648017
0.714510
0.330922
0.697926
0.236448
0.574457
0.025025
0.688239
0.093987
0.798105
0.151988
0.665358
0.408621
0.681683
0.723801
0.218635
0.508642
0.560317
0.752330
0.258325
0.776608
0.123021
0.195743
0.053583
0.354644
0.021657
0.973267
0.750975
0.455648
0.087584
0.108543
0.063364
0.332128
0.273735
0.825475
0.614706
0.327614
0.679496
0.771288
0.243266
0.692258
0.797818
0.524491
0.478018
0.981451
0.285442
0.045744
0.090847
0.645031
0.406376
0.838368
0.572589
0.526335
0.465897
0.024653
0.778199
0.142739
0.323347
0.312405
0.531233
0.759433
0.478027
0.679917
0.887510
0.478540
0.795455
0.313860
0.789045
0.620129
0.951678
0.625696
0.890209
0.402947
0.792097
0.319816
0.536964
0.057841
0.445205
0.337925
0.930314
0.978182
0.928380
0.296906
0.023749
0.117283
0.622981
0.941514
0.190153
0.275046
0.678111
0.876039
0.588791
0.088512
0.453426
0.189280
0.129219
0.281467
0.420603
0.165670
0.870688
0.812801
0.332453
0.126715
0.501723
0.978228
0.093335
0.894909
0.655754
0.407335
0.986946
0.899773
0.807095
0.474539
0.619454
0.374733
0.712704
0.983811
0.408291
0.803129
0.547620
0.998139
0.317811
0.039360
0.996050
0.853984
0.258112
0.030838
0.089558
0.971620
0.273827
0.413030
0.391677
0.637967
0.800539
0.918241
0.361226
0.321227
0.809428
0.162363
0.358325
0.788473
0.189298
0.069524
0.044449
0.809575
0.748899
0.519196
0.945505
0.632189
0.299130
0.594204
0.966811
0.678788
0.063610
0.290858
0.831676
0.958401
0.645481
0.281262
0.542406
0.307753
0.007933
0.411779
0.791866
0.349642
0.506177
0.355420
0.530146
0.374613
0.717867
0.764549
0.175283
0.159603
0.737543
0.703281
0.286517
0.035703
0.476745
0.534007
0.850558
0.079435
0.526778
0.829723
0.735948
0.595947
0.227473
0.062920
0.583445
0.239410
0.842701
0.075117
0.979707
0.498251
0.141751
0.678552
0.190950
0.193574
0.660356
0.847502
0.341485
0.850119
0.803944
0.703889
0.995242
0.177095
0.822449
0.188420
0.490754
0.367676
0.390344
0.483037
0.727939
0.835066
0.422196
0.784599
0.313008
0.155056
0.247048
0.051084
0.246411
0.821380
0.417522
0.305124
0.412619
0.865064
0.379752
0.650415
0.071439
0.875739
0.668049
0.058954
0.795057
0.362013
0.443802
0.766687
0.141777
0.681339
0.663125
0.718703
0.318593
0.297145
0.028591
0.884136
0.365093
0.902316
0.460107
0.692302
0.454535
0.499261
0.957706
0.669921
0.853276
0.057935
0.642846
0.504765
0.364717
0.676725
0.421881
0.630755
0.410368
0.486092
0.109831
0.119528
0.580814
0.584393
0.719953
0.563333
0.302787
0.036852
0.317982
0.528453
0.693451
0.127435
0.383020
0.611161
0.673564
0.827727
0.747830
0.419967
0.738693
0.867165
0.678641
0.132969
0.920795
0.133159
0.357951
0.461079
0.766267
0.946567
0.572389
0.038693
0.641072
0.798167
0.730759
0.717546
0.140607
0.928098
0.128802
0.525285
0.581480
0.992762
0.009672
0.353368
0.846815
0.917583
0.711030
0.332579
0.983476
0.370502
0.601425
0.683687
0.543261
0.904924
0.142940
0.497237
0.494065
0.475310
0.902155
0.992414
0.810660
0.041761
0.946662
0.873791
0.199164
0.040273
0.143336
0.140484
0.234961
0.042192
0.897068
0.664840
0.164196
0.992335
0.772818
0.403956
0.894745
0.605168
0.809418
0.385772
0.593754
0.252078
0.743976
0.783705
0.004164
0.695423
0.157083
0.407608
0.975724
0.422030
0.396150
0.832020
0.078507
0.528452
0.229037
0.135888
0.715913
0.677000
0.613797
0.160928
0.919487
0.036048
0.349698
0.208234
0.699532
0.923662
0.051810
0.678876
0.346435
0.447250
0.507324
0.154729
0.985757
0.683126
0.378311
0.746302
0.332985
0.361964
0.715048
0.540485
0.366931
0.226603
0.719830
0.519852
0.396307
0.260858
0.852403
0.261587
0.468275
0.468857
0.266569
0.217321
0.253541
0.282236
0.325039
0.636710
0.004446
0.236692
0.628407
0.350817
0.880971
0.360479
0.215996
0.142883
0.950434
0.248427
0.693264
0.682678
0.119526
0.461238
0.852107
0.247555
0.301154
0.710148
0.451803
0.081467
0.635134
0.258976
0.616826
0.099957
0.598734
0.550831
0.328178
0.992344
0.245165
0.359422
0.974007
0.753979
0.161513
0.403514
0.875909
0.052140
0.415728
0.031885
0.941673
0.515543
0.301590
0.832404
0.799883
0.218024
0.369784
0.613308
0.400002
0.197473
0.831414
0.497857
0.277841
0.718366
0.341068
0.835422
0.538343
0.166054
0.917339
0.901059
0.821367
0.498882
0.864096
0.774511
0.030574
0.610156
0.661320
0.517096
0.233955
0.075518
0.963988
0.741765
0.395264
0.321927
0.902601
0.001807
0.818070
0.784903
0.133481
0.846266
0.623816
0.822054
0.281145
0.125535
0.574611
0.308033
0.545843
0.540931
0.763812
0.136059
0.729699
0.890381
0.111522
0.729935
0.183675
0.469190
0.532622
0.080456
0.299792
0.593023
0.376035
0.712793
0.283460
0.634284
0.938509
0.498573
0.647847
0.715978
0.281405
0.483060
0.065264
0.656025
0.020779
0.324825
0.945466
0.938712
0.118970
0.995450
0.905229
0.849413
0.808256
0.255973
0.367042
0.249031
0.336919
0.148601
0.216687
0.750688
0.550106
0.049762
0.321505
0.173277
0.443207
0.306726
0.818293
0.635381
0.809424
0.582651
0.875253
0.840404
0.270511
0.372521
0.685238
0.117431
0.896067
0.182729
0.485279
0.633847
0.612584
0.324308
0.710164
0.557426
0.931325
0.563097
0.359427
0.427834
0.838309
0.166911
0.596440
0.758892
0.842741
0.531584
0.913834
0.083784
0.014261
0.239324
0.301441
0.321241
0.654800
0.420392
0.304540
0.158382
0.797162
0.970936
0.454133
0.443055
0.719637
0.141076
0.072891
0.020622
0.069182
0.309374
0.315954
0.345274
0.241702
0.082545
0.727783
0.130820
0.297531
0.918548
0.724043
0.188584
0.180588
0.144288
0.276607
0.400665
0.427114
0.381508
0.340655
0.772844
0.492447
0.724010
0.727096
0.737623
0.741502
0.206372
0.960829
0.454613
0.449230
0.494329
0.723418
0.558347
0.355034
0.563781
0.774925
0.067437
0.769831
0.972496
0.127699
0.204771
0.216573
0.717842
0.724392
0.510301
0.076681
0.071816
0.788946
0.457254
0.477117
0.890391
0.814914
0.988977
0.693397
0.581671
0.671592
0.239122
0.272664
0.432501
0.801399
0.055786
0.218565
0.375853
0.299984
0.331110
0.644502
0.783361
0.982500
0.272080
0.183453
0.440044
0.263294
0.235822
0.510910
0.420818
0.170898
0.727153
0.175326
0.360529
0.322536
0.053467
0.935890
0.093624
0.455587
0.037143
0.918983
0.550389
0.405477
0.064686
0.400982
0.317087
0.593332
0.543408
0.840185
0.595911
0.080968
0.774833
0.590224
0.502027
0.204243
0.161596
0.570690
0.681528
0.172612
0.703509
0.279070
0.488985
0.349505
0.473055
0.785846
0.131113
0.496704
0.129307
0.823108
0.585030
0.153892
0.876039
0.928187
0.567904
0.094573
0.611051
0.304548
0.483099
0.076300
0.847299
0.477164
0.207459
0.335518
0.531368
0.866321
0.317113
0.211953
0.668149
0.070979
0.027957
0.507466
0.639140
0.297354
0.924667
0.064706
0.300676
0.643718
0.919710
0.778256
0.808899
0.070935
0.626467
0.238348
0.005401
0.265335
0.422820
0.591612
0.163675
0.590116
0.111428
0.851331
0.072467
0.461985
0.202451
